datetime,departures
1371150840,1
1371151140,1
1371153300,1
1371154980,1
1371156240,1
1371156300,2
1371157020,1
1371158040,1
1371158400,1
1371158880,2
1371159000,1
1371159360,1
1371159480,1
1371159720,1
1371160920,1
1371161280,2
1371161340,1
1371162240,1
1371164820,1
1371164940,2
1371165060,1
1371165240,1
1371165900,1
1371170220,1
1371171240,1
1371208860,1
1371210360,1
1371210960,1
1371211560,1
1371213780,1
1371214320,1
1371214740,1
1371214860,1
1371215220,1
1371216840,1
1371218280,1
1371219000,1
1371220260,1
1371221280,1
1371222120,1
1371223020,1
1371223320,2
1371224400,1
1371225000,1
1371226740,1
1371226980,1
1371230820,2
1371231480,1
1371231720,1
1371232260,1
1371233160,1
1371233220,1
1371235440,1
1371235680,1
1371235920,2
1371236040,1
1371236160,1
1371237960,1
1371241440,1
1371241800,1
1371242460,1
1371243960,1
1371246780,1
1371247380,2
1371247980,1
1371248040,1
1371248520,1
1371248640,1
1371249180,1
1371249660,1
1371249960,1
1371250680,2
1371252780,2
1371253320,1
1371253980,2
1371255720,1
1371257160,1
1371258660,1
1371259500,1
1371259860,2
1371265380,1
1371265860,1
1371266100,1
1371267840,1
1371267960,1
1371269100,1
1371269280,1
1371270060,1
1371270840,1
1371275640,1
1371276720,1
1371300480,1
1371300540,1
1371300660,1
1371303540,1
1371303600,1
1371303660,1
1371303720,1
1371306840,1
1371307380,1
1371309840,1
1371312180,2
1371313980,1
1371314340,1
1371315000,1
1371315060,1
1371316860,1
1371317820,1
1371319680,1
1371320040,1
1371320340,1
1371323580,2
1371323640,1
1371325320,1
1371326760,1
1371327120,1
1371327360,1
1371329520,1
1371331320,1
1371333960,1
1371334080,1
1371335460,1
1371338220,1
1371339660,1
1371340260,1
1371348000,1
1371348120,1
1371349080,1
1371350580,2
1371350700,1
1371351300,1
1371351720,1
1371353520,1
1371380580,1
1371381660,1
1371392580,1
1371399360,1
1371399660,1
1371400980,1
1371401940,2
1371402060,2
1371402840,1
1371402960,2
1371403020,1
1371403320,3
1371403560,2
1371404340,1
1371405240,1
1371405300,1
1371405360,2
1371407760,1
1371409620,2
1371410640,1
1371410820,2
1371413040,1
1371415620,1
1371416220,1
1371416280,1
1371416640,1
1371416700,1
1371416760,1
1371418080,2
1371418260,2
1371418680,1
1371418920,1
1371422700,1
1371423120,1
1371423960,1
1371426180,1
1371426240,2
1371426360,1
1371426480,1
1371426960,1
1371427080,1
1371427920,1
1371428340,1
1371433200,1
1371433620,1
1371433680,2
1371434940,1
1371435900,1
1371440280,2
1371440340,1
1371441540,2
1371449220,1
1371466020,1
1371466440,1
1371468780,1
1371469140,1
1371469920,1
1371470460,1
1371473340,1
1371473640,1
1371473940,1
1371474240,1
1371474720,2
1371475080,1
1371475140,1
1371476040,1
1371476460,1
1371477420,2
1371477960,1
1371478080,1
1371479520,1
1371479880,1
1371480120,1
1371480960,1
1371481080,1
1371481800,1
1371482460,1
1371483060,1
1371483300,1
1371483540,1
1371483780,1
1371484380,1
1371484800,1
1371485400,1
1371485520,1
1371486540,1
1371488040,1
1371488100,1
1371488280,1
1371488700,1
1371489240,1
1371489840,2
1371490560,2
1371491040,1
1371491820,1
1371492360,2
1371492480,1
1371492780,1
1371492900,1
1371495240,1
1371495720,1
1371495960,1
1371496140,1
1371498600,1
1371499260,2
1371499560,1
1371500460,2
1371500640,1
1371501060,1
1371501480,1
1371501660,1
1371501960,1
1371502260,2
1371502740,1
1371502980,1
1371503160,1
1371503820,1
1371504060,2
1371504420,1
1371504600,1
1371504720,1
1371504900,1
1371505680,1
1371505800,1
1371505920,2
1371506160,1
1371506640,1
1371507360,1
1371507420,1
1371507900,1
1371508440,1
1371511020,1
1371511260,1
1371511320,1
1371512220,1
1371512880,1
1371514020,1
1371514500,1
1371514680,1
1371514920,1
1371514980,1
1371516360,1
1371516840,1
1371517500,1
1371518160,1
1371518760,1
1371523620,1
1371525420,1
1371534540,1
1371553020,1
1371554820,1
1371556620,1
1371558780,1
1371558900,1
1371559020,1
1371559080,1
1371559380,1
1371560580,1
1371561300,2
1371561960,1
1371562320,1
1371562440,1
1371563040,1
1371564300,1
1371565680,1
1371567120,1
1371570180,1
1371571680,1
1371571980,1
1371572340,1
1371572580,3
1371572700,1
1371573060,1
1371573660,1
1371574080,1
1371575160,2
1371576000,1
1371576240,1
1371576300,1
1371576960,2
1371577440,2
1371577920,1
1371578400,2
1371578460,2
1371579120,2
1371581580,1
1371582540,1
1371582840,1
1371583560,1
1371584640,1
1371584940,1
1371585360,1
1371585780,1
1371589260,1
1371589320,1
1371589500,1
1371590700,1
1371591000,1
1371591240,1
1371591420,1
1371591960,1
1371594360,1
1371595140,2
1371600420,1
1371601860,1
1371601920,1
1371603180,1
1371604020,2
1371604620,1
1371605400,1
1371611640,1
1371612180,1
1371613140,1
1371622020,1
1371637620,1
1371639240,1
1371643380,1
1371644040,1
1371644100,1
1371644580,2
1371645240,1
1371645420,1
1371645960,1
1371646200,3
1371646260,1
1371646560,1
1371646620,1
1371647100,1
1371647700,1
1371647940,1
1371648240,2
1371649380,1
1371649620,1
1371650160,1
1371654420,3
1371654660,1
1371655380,2
1371655560,1
1371656340,1
1371656520,1
1371656820,1
1371656880,2
1371657300,1
1371658800,1
1371658860,2
1371659160,1
1371660120,2
1371660720,1
1371662340,1
1371664020,1
1371664140,1
1371666120,1
1371667260,1
1371668880,1
1371669480,1
1371669840,1
1371670800,1
1371671820,1
1371673500,1
1371673680,1
1371673800,1
1371674700,1
1371675540,1
1371677040,1
1371677520,2
1371677700,2
1371677760,2
1371678120,1
1371678840,1
1371679260,1
1371679380,1
1371679620,1
1371679740,1
1371681480,1
1371681660,1
1371682080,1
1371682560,1
1371682860,1
1371683820,1
1371684780,1
1371686040,1
1371687540,1
1371688320,1
1371689040,1
1371689700,1
1371690360,2
1371691080,1
1371692640,2
1371693120,1
1371693900,1
1371696120,1
1371696540,1
1371696900,1
1371702240,1
1371702360,1
1371726300,1
1371727200,1
1371730260,1
1371730380,1
1371730680,1
1371731820,2
1371732060,1
1371732180,1
1371732660,1
1371734520,1
1371734820,2
1371735120,1
1371735300,1
1371736980,1
1371737160,1
1371737700,2
1371739080,1
1371740160,1
1371740340,1
1371741060,1
1371742320,1
1371742800,1
1371743340,1
1371744300,1
1371744360,1
1371746160,2
1371746280,1
1371747060,2
1371747420,2
1371747540,1
1371747840,1
1371748020,3
1371748200,1
1371748440,1
1371749040,1
1371749520,2
1371750000,1
1371750840,1
1371751080,1
1371751320,1
1371751680,1
1371752640,1
1371753780,1
1371754680,1
1371755880,1
1371755940,1
1371756480,1
1371757080,1
1371757680,1
1371758280,1
1371758340,1
1371758940,1
1371759420,1
1371759960,1
1371760680,1
1371761160,1
1371761580,2
1371761640,1
1371762120,1
1371763920,1
1371764640,2
1371764760,2
1371764940,2
1371765420,1
1371765480,2
1371765960,1
1371766080,1
1371766440,1
1371767520,1
1371768540,2
1371769740,1
1371769980,1
1371771300,1
1371771600,1
1371772980,1
1371773160,2
1371773580,2
1371774240,1
1371774480,1
1371775260,1
1371776460,1
1371776700,1
1371778380,1
1371780240,1
1371782040,1
1371785820,1
1371788880,1
1371791640,1
1371794040,1
1371812100,1
1371812580,1
1371813180,1
1371813420,1
1371813720,1
1371815580,1
1371816180,1
1371817080,1
1371817320,1
1371817440,1
1371820020,1
1371820260,1
1371820680,1
1371820920,1
1371822480,1
1371824100,1
1371824340,2
1371824640,1
1371825660,1
1371827100,1
1371827880,2
1371828000,1
1371828120,1
1371828960,1
1371829560,1
1371829740,2
1371830640,1
1371832200,1
1371832860,1
1371832920,1
1371833220,1
1371833400,1
1371834420,1
1371834720,1
1371834840,1
1371835860,1
1371835920,1
1371837660,1
1371838080,1
1371838620,2
1371838740,1
1371839160,1
1371839640,1
1371839880,1
1371839940,1
1371840840,1
1371841140,1
1371842820,1
1371843540,1
1371844140,3
1371844320,1
1371847200,2
1371848040,1
1371848820,3
1371848940,1
1371849480,1
1371850560,1
1371853260,1
1371855540,1
1371856320,3
1371856380,1
1371857940,1
1371858240,1
1371859140,1
1371859320,1
1371859620,1
1371866520,1
1371866760,1
1371867420,1
1371867780,1
1371868260,1
1371876000,1
1371879720,1
1371880200,1
1371903480,1
1371904320,1
1371904680,1
1371910680,1
1371911160,1
1371911220,1
1371911280,1
1371912540,1
1371913620,1
1371914400,1
1371914820,1
1371916620,2
1371916800,2
1371916860,1
1371916980,1
1371917580,2
1371917700,1
1371918900,1
1371919380,1
1371920880,1
1371921540,1
1371921720,2
1371922980,1
1371923100,1
1371923820,2
1371924780,2
1371924960,1
1371925680,1
1371926820,1
1371927360,1
1371927720,1
1371927840,2
1371929040,1
1371930480,1
1371930840,1
1371930900,1
1371931380,2
1371931680,1
1371932880,1
1371933720,1
1371933780,1
1371934860,1
1371936180,1
1371937080,1
1371937800,3
1371938340,1
1371938820,1
1371939600,1
1371939720,3
1371939960,2
1371940020,1
1371941820,1
1371942300,1
1371942720,1
1371942840,1
1371943740,3
1371944640,2
1371945720,1
1371947880,1
1371949680,1
1371951420,1
1371952440,2
1371952620,1
1371957120,1
1371958740,2
1371960000,1
1371961920,1
1371963840,1
1371964320,1
1371966720,1
1371967020,1
1371981900,1
1371983460,1
1371987540,1
1371988980,2
1371991080,1
1371991320,1
1371991380,1
1371993000,2
1371994260,1
1371995280,1
1371995340,1
1371995520,1
1371997920,1
1371999120,2
1371999180,1
1371999300,1
1372005120,1
1372005360,1
1372005420,1
1372005780,1
1372005840,1
1372006620,1
1372008720,1
1372009620,1
1372010760,1
1372011720,2
1372011960,1
1372012080,1
1372014780,2
1372015740,1
1372016820,1
1372016940,1
1372017840,1
1372017900,2
1372019340,1
1372019700,1
1372020300,1
1372020840,1
1372022040,1
1372022340,1
1372022880,1
1372025940,1
1372026060,2
1372026180,1
1372026240,1
1372026300,1
1372026540,3
1372026600,1
1372027080,1
1372028040,2
1372028340,1
1372029180,2
1372029780,1
1372030500,1
1372030800,1
1372030980,2
1372031220,1
1372032660,2
1372033320,1
1372034100,1
1372035060,1
1372036560,1
1372038180,1
1372039320,2
1372039380,1
1372039500,1
1372039620,1
1372040220,2
1372042800,1
1372043100,1
1372047480,1
1372047960,1
1372048380,1
1372066380,1
1372072680,1
1372074720,1
1372075020,1
1372076520,1
1372077780,1
1372078320,1
1372079580,1
1372080000,1
1372080300,1
1372081260,1
1372081440,1
1372081680,1
1372081980,1
1372085280,2
1372086240,2
1372086360,2
1372086480,2
1372087260,1
1372087380,1
1372089060,3
1372089240,1
1372089480,2
1372089840,1
1372091760,2
1372092000,2
1372092180,1
1372093080,1
1372093200,1
1372093620,1
1372094700,1
1372094760,1
1372094820,1
1372094880,1
1372095000,1
1372095720,1
1372096740,1
1372096920,1
1372097700,1
1372097880,1
1372098240,2
1372098780,1
1372099140,1
1372100820,1
1372101420,1
1372101480,1
1372101660,1
1372102320,1
1372103640,1
1372103760,1
1372104540,2
1372105800,1
1372106640,1
1372107120,2
1372107360,1
1372107840,1
1372108140,1
1372108200,1
1372108440,1
1372109040,1
1372109280,1
1372109880,1
1372110120,1
1372110720,1
1372111200,1
1372111500,1
1372112340,2
1372112520,1
1372112820,1
1372114380,1
1372114560,1
1372114920,1
1372115400,1
1372116300,1
1372116600,1
1372116840,1
1372117260,1
1372118100,1
1372118280,1
1372118520,3
1372120920,1
1372123860,1
1372124280,1
1372124400,1
1372128180,1
1372131540,1
1372154220,1
1372156440,1
1372156740,1
1372158000,1
1372158840,1
1372158960,1
1372159260,2
1372159440,1
1372159800,1
1372160520,1
1372162080,1
1372162380,2
1372162680,1
1372162920,1
1372163220,1
1372163640,1
1372163940,1
1372164600,1
1372165080,1
1372165680,1
1372166160,1
1372167000,2
1372167180,1
1372167360,1
1372167660,1
1372168020,1
1372170060,1
1372171740,1
1372173120,1
1372173840,1
1372174080,1
1372174740,2
1372175040,1
1372175520,1
1372175760,1
1372176300,2
1372176480,1
1372177440,1
1372177800,1
1372178040,1
1372179960,1
1372180260,1
1372181580,1
1372182120,1
1372182240,1
1372182840,2
1372183800,2
1372184280,1
1372184880,1
1372185240,1
1372185480,1
1372185960,1
1372186440,1
1372186680,1
1372186800,1
1372187340,1
1372188600,1
1372188720,1
1372189440,1
1372190340,1
1372190820,1
1372191180,1
1372191420,1
1372191540,1
1372192260,1
1372193160,1
1372193700,1
1372193760,1
1372194060,1
1372194360,1
1372194600,1
1372194660,1
1372194960,1
1372196040,1
1372196460,1
1372196640,1
1372197240,1
1372197840,1
1372198320,1
1372198440,1
1372199220,1
1372199940,2
1372200600,1
1372200900,1
1372200960,1
1372201740,1
1372202160,1
1372202940,1
1372203060,2
1372203180,1
1372204320,1
1372205100,1
1372205400,1
1372206180,2
1372206300,1
1372207020,1
1372208040,1
1372218420,1
1372218480,1
1372219860,1
1372240980,1
1372244940,1
1372245180,1
1372245480,1
1372246440,1
1372247880,1
1372248120,2
1372248240,1
1372248660,1
1372249980,1
1372250460,1
1372251120,1
1372251180,1
1372251960,2
1372253340,1
1372254780,2
1372254840,1
1372257600,1
1372258020,1
1372258200,1
1372258260,1
1372258500,1
1372259640,1
1372260180,1
1372261200,1
1372261500,1
1372261680,1
1372263120,1
1372263780,1
1372264080,2
1372264200,1
1372264920,1
1372265580,1
1372265640,1
1372266420,1
1372268400,1
1372268820,1
1372270080,2
1372270920,1
1372271160,1
1372271460,1
1372272060,1
1372272900,1
1372273020,1
1372273860,1
1372274400,1
1372275600,1
1372275960,1
1372276560,1
1372276740,1
1372277340,1
1372278840,1
1372279980,2
1372280220,1
1372280580,3
1372280820,1
1372281060,1
1372281120,1
1372281840,3
1372282500,1
1372282860,1
1372283400,1
1372283880,1
1372284060,1
1372284420,1
1372284840,1
1372285560,1
1372285620,1
1372285740,1
1372285800,1
1372286460,1
1372286700,1
1372286820,1
1372289700,1
1372290300,1
1372290480,1
1372292460,1
1372292700,1
1372294560,2
1372294920,1
1372295040,1
1372295220,1
1372295400,1
1372302120,1
1372304040,1
1372313520,1
1372329360,1
1372329420,1
1372330680,1
1372331940,1
1372334520,1
1372335000,1
1372335120,1
1372335660,1
1372335720,1
1372335840,1
1372336980,1
1372337580,1
1372337640,2
1372337760,2
1372338600,1
1372339320,1
1372339680,1
1372339740,1
1372343640,2
1372343760,2
1372344060,1
1372344960,1
1372345080,1
1372345140,1
1372346160,1
1372346580,1
1372346940,1
1372347660,1
1372348380,1
1372348980,1
1372349220,2
1372349760,1
1372350000,1
1372350480,1
1372350900,2
1372358100,6
1372358580,1
1372359420,1
1372362120,1
1372364880,1
1372365000,1
1372365540,1
1372370400,7
1372370460,1
1372370580,1
1372374060,9
1372375140,3
1372375560,1
1372375860,1
1372377060,1
1372377600,1
1372378620,1
1372380660,1
1372382280,1
1372384320,1
1372385280,1
1372386060,1
1372389120,1
1372390680,1
1372391400,1
1372393200,1
1372415580,1
1372419660,1
1372419900,1
1372420320,1
1372421220,1
1372421280,1
1372422420,1
1372423440,1
1372423740,2
1372423860,1
1372424040,1
1372424580,1
1372424700,1
1372424880,1
1372425120,1
1372425780,2
1372426140,1
1372426560,1
1372426680,1
1372426800,1
1372427340,1
1372427640,1
1372428060,1
1372428180,1
1372428600,1
1372436820,1
1372442220,1
1372442280,2
1372442340,1
1372442460,1
1372442580,1
1372443420,1
1372443720,1
1372444380,1
1372445400,1
1372445700,1
1372446360,1
1372446840,1
1372447320,2
1372447920,2
1372448640,1
1372448760,1
1372448820,1
1372449240,1
1372450080,2
1372450260,1
1372451220,1
1372451460,1
1372451520,1
1372451640,1
1372452600,1
1372452660,1
1372452840,1
1372452960,1
1372453080,1
1372453320,1
1372453680,1
1372453860,4
1372454220,2
1372455120,2
1372455180,1
1372455540,1
1372455780,1
1372456260,1
1372456560,1
1372456860,1
1372457160,1
1372458180,1
1372458540,2
1372458660,2
1372458780,1
1372458900,1
1372459080,1
1372459260,1
1372459500,1
1372460220,1
1372460760,1
1372461120,1
1372462860,1
1372463640,1
1372465020,2
1372465380,1
1372466580,1
1372468080,1
1372471800,1
1372472400,1
1372476180,1
1372476660,3
1372478220,1
1372479600,1
1372488540,1
1372492020,1
1372492080,1
1372505040,1
1372505940,1
1372507620,1
1372510260,1
1372510620,1
1372511940,1
1372513200,2
1372514460,1
1372515600,2
1372515900,1
1372516020,1
1372516500,1
1372517220,1
1372518000,1
1372518240,1
1372519320,1
1372519560,1
1372520340,1
1372521180,1
1372521720,1
1372522560,1
1372523400,1
1372524480,1
1372525500,2
1372525920,2
1372526100,1
1372527120,1
1372527180,1
1372527300,1
1372527360,2
1372528680,2
1372528920,3
1372529340,2
1372529640,1
1372530420,2
1372531320,1
1372531380,1
1372532700,3
1372532940,1
1372534560,1
1372534620,1
1372537500,1
1372540260,1
1372541940,1
1372543020,1
1372543920,2
1372546860,1
1372548060,1
1372549680,1
1372550520,2
1372550880,2
1372552140,1
1372552740,1
1372553100,1
1372553280,1
1372557540,1
1372563660,1
1372564260,2
1372564980,1
1372566840,1
1372567020,1
1372567980,1
1372570560,1
1372583580,1
1372590360,1
1372597800,1
1372598940,2
1372599540,1
1372599960,1
1372600020,1
1372600140,1
1372600260,1
1372601160,1
1372602420,2
1372603620,1
1372604160,1
1372604520,1
1372606320,1
1372606620,1
1372606680,1
1372606740,1
1372607580,2
1372608000,1
1372608420,3
1372609140,1
1372609560,1
1372609620,1
1372610220,1
1372610460,1
1372610640,1
1372612740,2
1372613280,1
1372614120,1
1372614300,2
1372614540,1
1372614780,1
1372615140,1
1372615680,1
1372616520,1
1372616700,2
1372618560,1
1372620000,1
1372620360,1
1372620840,1
1372621020,2
1372621080,2
1372621440,1
1372623060,3
1372624560,1
1372626180,1
1372626480,1
1372626600,1
1372626840,1
1372627140,2
1372628940,1
1372629840,1
1372630080,1
1372631580,1
1372631700,1
1372631760,1
1372632660,1
1372632900,2
1372633620,2
1372635180,1
1372637940,1
1372638120,1
1372639200,1
1372639920,1
1372641360,1
1372641780,1
1372641960,1
1372643520,2
1372644420,1
1372644480,1
1372644840,1
1372647000,1
1372647960,1
1372648140,1
1372651920,1
1372652640,2
1372653600,1
1372653660,1
1372674300,1
1372676340,1
1372679940,1
1372680360,1
1372681140,1
1372681560,1
1372682520,3
1372690740,1
1372694160,1
1372697580,2
1372697820,2
1372698540,1
1372699440,1
1372700100,1
1372701180,1
1372702140,1
1372702860,1
1372703400,1
1372704900,2
1372704960,1
1372705560,1
1372706280,1
1372707780,1
1372708320,1
1372709460,1
1372710960,1
1372711620,1
1372712340,1
1372712520,1
1372713240,1
1372713360,1
1372713420,1
1372717860,2
1372718160,2
1372718280,1
1372718400,1
1372718520,1
1372719420,1
1372719600,1
1372721040,1
1372721460,2
1372722420,1
1372722660,2
1372725480,1
1372727880,1
1372728600,1
1372729920,1
1372732080,1
1372732320,1
1372734900,1
1372760520,1
1372762980,1
1372763580,1
1372763880,1
1372765080,1
1372765500,1
1372765560,1
1372765740,1
1372767120,1
1372767360,1
1372767840,1
1372768740,1
1372774680,1
1372775100,1
1372775880,1
1372776840,1
1372779420,1
1372780860,1
1372781160,1
1372781760,1
1372782660,1
1372784880,1
1372785060,1
1372785420,2
1372786140,1
1372787220,1
1372787400,1
1372787640,1
1372788060,1
1372788240,1
1372788720,1
1372789740,1
1372790940,1
1372794540,1
1372794660,1
1372796520,1
1372796640,1
1372796820,1
1372797780,2
1372798260,1
1372798680,1
1372798740,1
1372799280,1
1372799580,1
1372799820,2
1372800780,1
1372802280,1
1372802520,1
1372803720,1
1372803960,1
1372804260,2
1372804440,2
1372804800,1
1372804860,1
1372806120,1
1372806960,1
1372807140,1
1372807680,2
1372807920,1
1372808040,1
1372808520,1
1372808580,1
1372810020,1
1372814940,1
1372824120,1
1372827600,1
1372847700,1
1372848480,1
1372852260,1
1372852860,1
1372853460,1
1372854120,1
1372854780,2
1372855080,1
1372855740,1
1372855800,1
1372855980,1
1372857000,3
1372857480,1
1372858740,1
1372861260,1
1372861920,1
1372862040,1
1372862280,1
1372862940,1
1372863540,1
1372864080,1
1372864500,1
1372864860,1
1372866300,1
1372867020,1
1372868100,1
1372869060,1
1372869420,2
1372870740,1
1372870860,1
1372870980,1
1372871460,1
1372871760,2
1372873320,1
1372873380,1
1372873620,2
1372874220,1
1372874460,1
1372874700,1
1372875000,1
1372877520,1
1372877940,1
1372879500,1
1372881180,1
1372881240,1
1372882080,2
1372882680,1
1372883100,1
1372883460,1
1372884060,1
1372885080,1
1372885200,2
1372885320,3
1372886040,1
1372886460,1
1372886580,2
1372887120,2
1372888020,1
1372888560,1
1372888860,1
1372889160,1
1372890360,1
1372891080,1
1372891680,1
1372891740,1
1372892040,1
1372892700,1
1372896000,1
1372896660,1
1372898700,1
1372899300,1
1372901220,1
1372905000,1
1372906080,1
1372906440,1
1372906800,1
1372916940,1
1372917720,1
1372930980,1
1372942620,1
1372943820,1
1372943940,1
1372945920,2
1372947480,1
1372948380,1
1372949700,2
1372950120,1
1372951920,1
1372952220,2
1372952760,2
1372953060,1
1372953180,1
1372953840,1
1372954200,1
1372954320,1
1372955100,1
1372960380,1
1372960980,1
1372961880,1
1372962180,2
1372962300,2
1372963980,1
1372964220,1
1372965300,1
1372965660,2
1372966380,2
1372967520,1
1372967820,1
1372968660,1
1372969980,2
1372971600,1
1372971780,1
1372972320,1
1372972440,1
1372973580,1
1372974660,2
1372976040,1
1372976940,1
1372979040,2
1372980480,2
1372983360,2
1372983660,1
1372984260,1
1372984680,1
1372985280,1
1372987020,1
1372987260,1
1372989180,1
1372990200,1
1372990260,1
1372992780,1
1372994340,2
1372994700,2
1372995120,2
1372997280,1
1373004420,1
1373020920,1
1373023440,1
1373024460,1
1373025540,1
1373026320,1
1373027400,1
1373027820,1
1373029080,1
1373029140,1
1373030340,1
1373030520,1
1373030820,1
1373031780,1
1373031840,1
1373031900,3
1373033700,1
1373034060,1
1373035020,2
1373036700,1
1373038440,1
1373039220,1
1373039460,1
1373042640,1
1373043120,2
1373044320,1
1373044680,1
1373045220,1
1373045520,1
1373045820,1
1373046360,1
1373047500,1
1373048460,1
1373048700,2
1373048940,1
1373049180,1
1373049420,1
1373049540,1
1373050500,1
1373050740,1
1373051700,3
1373056620,1
1373059560,1
1373059680,1
1373060040,1
1373060280,1
1373060520,1
1373061000,1
1373061780,1
1373061840,1
1373063100,2
1373063340,1
1373064720,1
1373064840,2
1373065020,1
1373066940,1
1373067120,1
1373067480,1
1373069100,1
1373070120,2
1373070840,1
1373070900,1
1373071740,2
1373072520,1
1373073240,1
1373074260,1
1373075760,1
1373079060,1
1373081280,1
1373092020,1
1373098920,1
1373103060,1
1373112240,1
1373112300,2
1373114820,1
1373115840,1
1373118960,1
1373121120,2
1373122260,2
1373122320,1
1373123100,1
1373123580,1
1373123940,1
1373124660,1
1373124780,1
1373125020,1
1373125260,1
1373125440,1
1373128500,2
1373128560,1
1373128860,1
1373129760,1
1373131560,2
1373131740,1
1373133720,1
1373134320,1
1373135580,1
1373136480,1
1373136660,1
1373137920,2
1373138340,1
1373139120,1
1373140500,1
1373140860,5
1373141460,1
1373142840,1
1373143860,1
1373144340,2
1373144760,1
1373144880,1
1373145360,1
1373145420,1
1373145540,1
1373145660,1
1373147520,1
1373148240,1
1373148780,1
1373148960,1
1373149680,1
1373150760,1
1373150880,1
1373152980,1
1373153340,2
1373153820,1
1373154780,1
1373155140,1
1373156520,1
1373158260,1
1373159340,1
1373159400,1
1373159700,2
1373159880,1
1373160000,2
1373161020,1
1373161140,1
1373165400,1
1373165520,1
1373180340,1
1373184720,1
1373192280,1
1373193660,1
1373197800,1
1373200500,2
1373205000,1
1373206740,1
1373207400,1
1373209320,1
1373210280,1
1373211060,1
1373216100,1
1373218260,1
1373218500,1
1373218920,1
1373219100,1
1373219700,3
1373222520,1
1373222640,1
1373222880,1
1373229240,1
1373230260,1
1373230380,1
1373232120,1
1373232360,1
1373233920,1
1373234220,1
1373234340,1
1373234520,2
1373234880,1
1373236140,1
1373237340,3
1373238360,2
1373239320,1
1373242080,1
1373243520,1
1373247540,1
1373248380,1
1373248980,1
1373249940,2
1373250360,1
1373252220,1
1373252280,1
1373254080,1
1373254800,1
1373254920,1
1373258640,1
1373261040,1
1373262420,1
1373267400,1
1373271480,1
1373275920,1
1373279520,1
1373279640,1
1373281320,1
1373282280,1
1373282460,1
1373283360,1
1373283540,1
1373283960,3
1373284440,1
1373284500,1
1373284620,1
1373284800,1
1373284920,3
1373285460,2
1373286660,1
1373287200,1
1373289660,2
1373290200,1
1373290440,1
1373293860,1
1373296080,1
1373300460,1
1373301120,1
1373301180,1
1373302980,2
1373303280,1
1373303640,1
1373303700,2
1373304120,1
1373304420,1
1373304600,1
1373305560,1
1373307480,1
1373308560,1
1373309280,3
1373309520,1
1373310060,1
1373310420,1
1373310540,1
1373310780,1
1373311200,1
1373311920,1
1373312700,1
1373313480,1
1373313600,1
1373315700,1
1373315880,1
1373316120,1
1373316180,1
1373317200,1
1373317920,2
1373327700,1
1373328300,1
1373328420,1
1373329860,2
1373330100,1
1373330700,2
1373330880,1
1373333160,1
1373336760,1
1373338980,1
1373339880,2
1373340060,1
1373341320,1
1373344320,1
1373346060,2
1373348340,1
1373349480,1
1373349840,1
1373364000,1
1373364120,1
1373367900,1
1373368500,2
1373369760,1
1373370720,1
1373371320,1
1373371440,2
1373371680,1
1373372700,1
1373372820,1
1373373480,1
1373373900,1
1373374080,1
1373374500,1
1373374920,1
1373375280,2
1373375640,1
1373376120,2
1373376720,1
1373377140,1
1373377320,1
1373378520,1
1373379240,1
1373380080,1
1373382300,1
1373383200,1
1373383380,1
1373384040,1
1373384700,1
1373385420,1
1373385660,1
1373386980,1
1373387280,1
1373387340,1
1373387460,1
1373388600,1
1373388660,1
1373389080,1
1373390460,1
1373391900,1
1373391960,1
1373392260,1
1373393280,1
1373393340,1
1373394120,2
1373394540,1
1373394720,1
1373396940,1
1373398440,1
1373398560,2
1373399280,1
1373400840,1
1373401320,1
1373402280,1
1373402640,1
1373402760,1
1373403780,1
1373404020,2
1373404260,3
1373404500,1
1373404680,3
1373404860,1
1373405400,1
1373405520,1
1373405820,1
1373406360,1
1373407320,1
1373407500,1
1373407980,2
1373408580,1
1373408760,1
1373408880,1
1373410200,3
1373410320,1
1373411760,1
1373412660,2
1373413500,1
1373414040,1
1373414160,1
1373415240,1
1373416140,1
1373417400,1
1373419500,1
1373420040,1
1373422920,1
1373425020,1
1373426100,1
1373428500,1
1373430720,1
1373433000,1
1373434200,1
1373434320,1
1373446440,1
1373448600,1
1373451900,2
1373455320,1
1373455800,1
1373457060,2
1373457840,3
1373460300,1
1373460600,1
1373463540,1
1373466180,1
1373467140,1
1373467920,1
1373468460,1
1373470980,2
1373471340,1
1373471520,1
1373472360,1
1373472780,1
1373473800,1
1373475300,1
1373475780,1
1373476080,1
1373476140,1
1373476320,2
1373477640,1
1373478120,1
1373478300,2
1373478660,1
1373479440,2
1373479740,1
1373480520,1
1373481540,1
1373482260,2
1373482620,1
1373484120,1
1373484480,1
1373485020,1
1373485920,1
1373488140,4
1373488920,2
1373489160,1
1373489520,1
1373490300,1
1373490720,1
1373491320,1
1373492520,1
1373493660,1
1373494140,1
1373497080,1
1373498400,1
1373499540,1
1373501100,1
1373501280,2
1373501520,1
1373502060,1
1373502180,1
1373502480,1
1373504760,1
1373506740,1
1373509800,1
1373510820,1
1373512020,1
1373512800,1
1373518920,1
1373534160,2
1373535600,1
1373539260,1
1373539380,1
1373540280,1
1373540460,1
1373540760,1
1373541660,1
1373542200,1
1373542260,1
1373543280,1
1373543820,3
1373543940,3
1373544180,1
1373544300,2
1373544600,1
1373544720,1
1373544780,1
1373544960,1
1373545020,2
1373545500,2
1373545620,1
1373545680,1
1373547060,1
1373547420,1
1373548020,1
1373548500,2
1373549940,1
1373550000,1
1373550300,1
1373552160,1
1373555100,2
1373555700,1
1373557560,1
1373557680,1
1373558700,1
1373559000,2
1373561100,1
1373561340,1
1373561520,1
1373563500,1
1373563800,1
1373566320,1
1373566500,1
1373568540,2
1373568720,2
1373571540,1
1373572740,2
1373572980,1
1373573340,4
1373573640,1
1373573760,1
1373575200,1
1373575380,2
1373577720,2
1373578980,6
1373581140,1
1373581260,1
1373582100,1
1373583720,1
1373585460,2
1373586480,2
1373586960,1
1373589420,1
1373590500,1
1373590680,1
1373590920,1
1373591820,1
1373593800,2
1373594280,2
1373595180,1
1373595600,2
1373596380,1
1373596800,3
1373597820,2
1373598420,2
1373600400,1
1373603400,1
1373603580,1
1373621880,1
1373625240,1
1373625720,1
1373626020,1
1373626920,1
1373627040,1
1373628060,1
1373628300,1
1373632440,1
1373632680,2
1373633820,1
1373633940,1
1373634420,3
1373634720,2
1373636820,1
1373639700,1
1373639940,1
1373642340,3
1373642820,2
1373643120,1
1373643840,1
1373644440,1
1373644500,1
1373647440,1
1373647560,1
1373647980,1
1373648040,1
1373648580,1
1373648940,1
1373649840,1
1373652420,8
1373652900,2
1373653380,1
1373653560,1
1373657100,1
1373658060,1
1373658480,1
1373660160,1
1373661360,2
1373661480,1
1373661840,1
1373662320,1
1373665620,1
1373665680,1
1373666100,2
1373666340,1
1373667180,1
1373667360,1
1373667600,1
1373669340,1
1373670900,1
1373671500,1
1373690460,1
1373696340,1
1373710740,1
1373713860,1
1373715360,1
1373717460,1
1373718300,1
1373719440,1
1373719680,1
1373723760,1
1373724780,1
1373724900,1
1373726100,1
1373726340,1
1373726760,1
1373727180,1
1373727420,1
1373729520,1
1373729700,1
1373732400,1
1373733840,1
1373734080,1
1373734260,1
1373735160,1
1373735520,1
1373737320,2
1373738880,1
1373739120,1
1373740140,2
1373740260,1
1373740500,2
1373740680,4
1373741700,1
1373741880,1
1373742000,1
1373742420,1
1373742480,1
1373743140,1
1373743740,1
1373744160,1
1373745720,1
1373745780,1
1373747520,1
1373748420,2
1373748660,1
1373748900,1
1373749140,1
1373749500,2
1373749980,1
1373750760,1
1373750940,1
1373753280,1
1373755200,1
1373756280,1
1373760300,1
1373761560,1
1373762340,1
1373763060,1
1373763180,1
1373763660,1
1373763960,2
1373765340,1
1373765760,2
1373770320,1
1373770380,1
1373770740,1
1373805540,1
1373806320,1
1373812440,1
1373812740,1
1373814300,1
1373814480,1
1373814720,2
1373816760,1
1373818920,1
1373820960,1
1373821140,1
1373821440,1
1373822940,1
1373823240,1
1373823600,1
1373823720,1
1373823900,1
1373825040,1
1373827200,1
1373828100,3
1373829240,1
1373829720,1
1373830680,1
1373832180,1
1373833740,1
1373834040,1
1373838840,1
1373839560,1
1373839740,1
1373840880,1
1373841420,1
1373842440,2
1373843160,1
1373843520,1
1373843580,1
1373843700,1
1373843940,1
1373844420,1
1373845020,1
1373847180,2
1373848800,1
1373848920,1
1373854560,1
1373855040,1
1373855160,1
1373855460,1
1373857020,1
1373857200,1
1373858400,1
1373859060,1
1373859660,1
1373864280,1
1373867580,1
1373884800,1
1373885580,1
1373887500,2
1373888160,1
1373888940,3
1373889180,1
1373889540,1
1373890080,1
1373891520,1
1373891760,1
1373892540,1
1373892900,1
1373893020,1
1373893140,3
1373893380,1
1373893620,1
1373893680,3
1373893860,1
1373894280,1
1373894340,1
1373894460,1
1373895060,1
1373895480,1
1373895660,1
1373896380,1
1373897640,1
1373899920,1
1373899980,1
1373901840,1
1373902740,1
1373903220,1
1373903520,1
1373903760,1
1373904600,3
1373904660,2
1373905320,1
1373905680,1
1373909820,1
1373911140,1
1373911920,1
1373912280,1
1373912460,1
1373913240,1
1373913720,1
1373914140,1
1373914920,1
1373915280,1
1373915400,1
1373915520,1
1373916420,1
1373916540,1
1373916900,1
1373917080,1
1373917140,1
1373917320,1
1373917980,1
1373918100,1
1373918160,1
1373919480,1
1373919600,1
1373922120,2
1373922600,1
1373924880,1
1373924940,1
1373925060,1
1373925180,1
1373925600,1
1373926320,2
1373926800,1
1373926920,1
1373928900,1
1373929140,1
1373929500,1
1373930460,1
1373930580,1
1373931000,1
1373931180,1
1373931300,1
1373935080,2
1373936340,1
1373937720,2
1373941560,2
1373941920,1
1373946180,1
1373946300,1
1373949000,1
1373949120,2
1373967420,1
1373971860,1
1373972820,1
1373973180,1
1373973300,1
1373974080,1
1373975040,1
1373975160,1
1373975400,1
1373975580,1
1373976480,1
1373976540,1
1373977020,1
1373977680,1
1373978160,1
1373978340,1
1373979480,1
1373979720,1
1373980140,2
1373980200,1
1373980560,1
1373981100,3
1373982540,1
1373982840,1
1373982960,1
1373985840,1
1373986260,1
1373986500,1
1373987580,1
1373988000,1
1373988360,1
1373990940,1
1373991240,2
1373992620,1
1373992740,1
1373993040,1
1373993460,1
1373993580,3
1373994900,1
1373995140,1
1373995560,1
1373995740,1
1373996220,1
1373996280,2
1373996880,1
1373998020,1
1373998080,1
1373998740,1
1373998980,1
1374000360,1
1374000540,1
1374001320,1
1374001740,1
1374002220,4
1374002280,1
1374002340,1
1374002760,1
1374004620,1
1374004800,1
1374005220,1
1374005640,1
1374005760,1
1374005820,1
1374005940,1
1374006660,1
1374007260,1
1374008100,2
1374008640,1
1374008940,1
1374009360,1
1374010800,1
1374012060,1
1374012120,1
1374012240,1
1374012600,2
1374012720,2
1374012900,1
1374013020,1
1374013440,1
1374013620,1
1374014640,1
1374015240,2
1374015420,1
1374016140,1
1374017520,1
1374018720,1
1374019860,1
1374020400,1
1374022080,1
1374022200,1
1374022440,1
1374024180,1
1374025620,1
1374027240,1
1374028440,1
1374029460,1
1374029640,1
1374031560,1
1374033720,1
1374039060,1
1374041160,1
1374042960,1
1374043020,1
1374055920,1
1374056940,1
1374058800,1
1374059520,1
1374059700,1
1374059760,1
1374060000,1
1374060120,1
1374060420,2
1374061800,1
1374062220,1
1374062580,1
1374064380,1
1374064440,1
1374064620,1
1374065100,1
1374065760,1
1374066360,1
1374066900,1
1374067020,1
1374067560,1
1374067740,1
1374069240,1
1374069300,1
1374069600,2
1374072000,1
1374072120,1
1374072300,1
1374072660,1
1374072900,1
1374073080,1
1374075900,1
1374077040,1
1374077820,2
1374078000,1
1374078060,1
1374078180,1
1374078480,1
1374079200,1
1374079500,2
1374080220,1
1374080460,1
1374080580,1
1374080700,1
1374080820,1
1374082260,1
1374082620,1
1374083340,1
1374083400,1
1374083520,1
1374084420,2
1374084900,1
1374085200,1
1374085440,1
1374085980,1
1374086580,1
1374087240,1
1374088800,1
1374088920,1
1374089100,1
1374089400,1
1374090420,2
1374090660,1
1374092520,1
1374093180,1
1374093360,1
1374093660,1
1374093960,1
1374095280,1
1374095520,1
1374096120,2
1374096240,1
1374096300,1
1374096420,1
1374096600,1
1374096720,1
1374096960,3
1374097620,4
1374098580,1
1374098940,2
1374099060,1
1374099840,2
1374100020,1
1374100740,3
1374101040,4
1374101160,4
1374101280,2
1374101340,2
1374101700,1
1374102540,3
1374102780,1
1374103080,1
1374103260,1
1374103320,1
1374103860,1
1374104340,1
1374108420,1
1374110580,1
1374111480,1
1374115320,1
1374115920,3
1374118740,1
1374122820,1
1374122880,1
1374125520,1
1374140040,1
1374143340,1
1374143580,1
1374143820,1
1374143940,1
1374144240,1
1374144420,1
1374145080,2
1374146100,1
1374148560,1
1374148740,1
1374149340,1
1374149460,1
1374150240,1
1374150720,1
1374151080,1
1374151620,1
1374151920,1
1374152580,1
1374153060,1
1374153360,4
1374153480,1
1374153720,2
1374153960,1
1374154380,1
1374154620,1
1374155220,1
1374155340,1
1374156180,1
1374157200,1
1374157380,1
1374158040,1
1374158700,1
1374158940,1
1374161400,1
1374162000,1
1374162300,1
1374162360,1
1374162420,1
1374163080,1
1374163440,1
1374163800,1
1374164100,1
1374164520,1
1374164580,2
1374165360,1
1374166080,1
1374167520,1
1374167700,2
1374167940,1
1374168360,1
1374168600,1
1374168780,1
1374169500,1
1374169620,1
1374169860,1
1374170700,2
1374171960,1
1374172800,2
1374173340,1
1374173880,2
1374173940,1
1374174180,1
1374175260,1
1374176820,1
1374177600,1
1374177960,1
1374178380,1
1374178440,1
1374178560,1
1374179100,1
1374179880,1
1374180060,1
1374180420,1
1374180540,1
1374181200,1
1374181380,2
1374181440,1
1374182460,1
1374182700,1
1374182940,1
1374183180,1
1374184260,1
1374184500,1
1374184740,2
1374184800,1
1374184860,1
1374185040,1
1374185220,1
1374185700,1
1374186420,1
1374186600,1
1374188580,1
1374188760,1
1374189720,1
1374189960,1
1374190380,1
1374192060,2
1374192840,1
1374194640,1
1374195480,1
1374195600,1
1374195780,1
1374196200,1
1374196380,1
1374196500,1
1374196620,2
1374197040,2
1374197280,1
1374197400,1
1374197580,4
1374197820,3
1374198000,1
1374198240,1
1374198420,2
1374198540,2
1374202740,1
1374203520,1
1374205260,1
1374206820,1
1374211320,1
1374228120,1
1374228600,1
1374228780,1
1374228960,1
1374231360,1
1374231480,4
1374231600,1
1374231780,1
1374232140,1
1374232920,1
1374233100,2
1374233520,2
1374233640,1
1374233700,1
1374234120,3
1374234180,1
1374234600,1
1374234900,1
1374235200,1
1374235440,1
1374235560,2
1374236580,1
1374237000,1
1374237120,1
1374237480,1
1374237720,1
1374238140,1
1374238320,1
1374239040,1
1374239700,1
1374240180,1
1374240360,1
1374240900,1
1374241080,2
1374245040,1
1374247800,1
1374248040,1
1374248340,2
1374249060,1
1374249300,1
1374249360,1
1374251400,1
1374251520,1
1374251700,1
1374251880,1
1374252060,1
1374254580,1
1374254820,1
1374255600,1
1374255720,2
1374256140,1
1374256740,1
1374256980,1
1374257940,1
1374259080,1
1374259500,1
1374259800,1
1374260700,1
1374261600,1
1374261780,2
1374262680,1
1374263160,1
1374263520,1
1374264780,1
1374265560,1
1374266220,1
1374266340,1
1374266460,1
1374267060,1
1374267240,1
1374267600,2
1374267780,2
1374267840,1
1374268140,2
1374268380,1
1374268440,1
1374268560,1
1374269280,1
1374269340,1
1374270600,1
1374270720,2
1374272940,1
1374273180,1
1374273240,1
1374273480,1
1374273600,1
1374274260,1
1374275460,1
1374275820,1
1374276120,1
1374277020,1
1374277740,1
1374278520,1
1374278940,1
1374280860,1
1374283500,1
1374284160,1
1374284880,1
1374286680,1
1374297480,1
1374304560,1
1374316980,1
1374319920,1
1374320520,1
1374323340,1
1374323400,1
1374323580,1
1374323640,1
1374325140,1
1374325980,1
1374326040,1
1374326940,1
1374328140,1
1374328680,1
1374329820,2
1374332340,1
1374334620,1
1374334860,1
1374334920,1
1374335040,1
1374336360,2
1374336780,1
1374336960,1
1374337500,1
1374337800,2
1374337920,2
1374338040,1
1374338520,1
1374339240,1
1374341280,5
1374341340,1
1374341520,1
1374341760,1
1374343140,1
1374343680,1
1374343860,1
1374344100,1
1374345240,1
1374345360,1
1374345900,1
1374347460,1
1374347940,1
1374348180,1
1374350640,2
1374350760,1
1374350940,1
1374351060,1
1374351240,1
1374351420,1
1374351840,1
1374351900,2
1374352260,1
1374352560,1
1374353820,2
1374353880,1
1374353940,2
1374354000,1
1374354120,2
1374354300,1
1374354720,1
1374355680,1
1374356940,1
1374357660,1
1374360300,1
1374361140,2
1374361620,1
1374362100,1
1374365640,2
1374366480,1
1374368460,2
1374370140,1
1374370200,2
1374378180,1
1374378660,1
1374378780,1
1374379620,1
1374380160,1
1374384300,1
1374405000,1
1374407700,1
1374410760,2
1374411060,1
1374413280,1
1374413460,1
1374413940,1
1374415140,1
1374415320,1
1374416940,1
1374417420,1
1374418740,1
1374418920,1
1374419760,1
1374423540,2
1374424380,1
1374425040,1
1374425400,1
1374425640,1
1374425820,1
1374426000,1
1374426120,3
1374426240,2
1374426840,1
1374426960,2
1374428160,1
1374428640,1
1374428700,1
1374429060,2
1374429540,1
1374430140,1
1374432360,2
1374432600,2
1374433500,3
1374435300,1
1374438900,1
1374440580,1
1374441120,1
1374442200,1
1374442440,1
1374443400,1
1374444180,1
1374444660,1
1374444780,1
1374446760,1
1374446940,1
1374447960,1
1374448080,1
1374449640,1
1374450600,2
1374451380,1
1374451740,1
1374452040,1
1374452280,1
1374452820,1
1374454140,1
1374456840,1
1374457800,1
1374458340,1
1374458460,1
1374459060,1
1374459420,1
1374459780,1
1374461340,2
1374461880,1
1374464160,1
1374464280,1
1374465720,1
1374474180,1
1374483360,1
1374488640,1
1374488760,1
1374490080,1
1374490560,1
1374490800,1
1374491100,1
1374491580,1
1374492060,1
1374492180,1
1374492720,1
1374494640,2
1374495540,1
1374495780,1
1374496320,2
1374496800,1
1374497280,1
1374497580,3
1374498120,1
1374498480,2
1374498780,1
1374499560,1
1374499740,1
1374499800,1
1374499920,1
1374500040,1
1374500640,1
1374500700,1
1374501540,2
1374503400,1
1374503580,1
1374504000,1
1374504360,1
1374504720,2
1374505680,2
1374505980,1
1374506100,1
1374506940,1
1374508860,1
1374510540,1
1374510780,2
1374512760,1
1374513060,1
1374513780,1
1374514320,1
1374515340,1
1374516420,1
1374516600,1
1374516780,1
1374516900,1
1374517440,1
1374517740,1
1374519180,1
1374519300,1
1374520020,1
1374520680,4
1374520740,1
1374520980,1
1374521340,1
1374522660,1
1374523500,1
1374524100,1
1374524460,1
1374524580,1
1374524940,1
1374525480,1
1374526500,1
1374526740,1
1374527100,1
1374527580,1
1374528000,3
1374528660,1
1374528960,1
1374529560,2
1374529740,1
1374530040,1
1374530340,1
1374530460,1
1374530520,1
1374530760,1
1374531360,1
1374531900,1
1374532080,1
1374533040,1
1374533160,1
1374533820,1
1374533940,1
1374535080,1
1374535320,1
1374544440,1
1374545880,1
1374548460,1
1374548640,1
1374549660,1
1374555840,1
1374575280,1
1374576420,1
1374577200,1
1374578700,1
1374578760,2
1374579420,1
1374579720,1
1374580140,5
1374580920,1
1374581580,1
1374581940,1
1374583080,1
1374583140,1
1374583560,1
1374584220,1
1374584520,1
1374584880,1
1374585660,2
1374585900,1
1374586380,1
1374587280,1
1374589440,1
1374593280,1
1374593520,2
1374593700,1
1374594960,1
1374596100,1
1374596340,2
1374596400,1
1374596820,3
1374597240,1
1374597660,1
1374597780,1
1374598500,1
1374598620,1
1374598680,1
1374599520,1
1374599640,1
1374600420,1
1374601200,1
1374601740,1
1374602460,1
1374602640,1
1374602940,1
1374603660,1
1374604920,1
1374605520,1
1374606120,1
1374607380,1
1374607680,3
1374608280,1
1374609240,1
1374609360,1
1374610620,1
1374612480,1
1374613080,3
1374613620,1
1374613980,1
1374614760,1
1374615840,1
1374616020,1
1374616680,1
1374616800,2
1374616980,2
1374617160,2
1374617220,1
1374617280,1
1374617460,1
1374617580,1
1374617700,1
1374617820,1
1374618060,1
1374618300,1
1374618360,1
1374618660,3
1374618720,3
1374618780,2
1374619020,5
1374619260,1
1374619320,1
1374619380,1
1374619560,5
1374620100,1
1374620160,1
1374620400,1
1374621660,2
1374622260,1
1374622380,1
1374622500,1
1374622800,2
1374622860,1
1374624120,1
1374625380,1
1374625440,1
1374625980,1
1374626280,2
1374629100,1
1374629460,1
1374630480,1
1374631320,1
1374631980,2
1374635700,2
1374636420,1
1374636540,1
1374636780,2
1374650400,1
1374650520,1
1374658740,1
1374661680,1
1374661860,1
1374663060,1
1374663480,1
1374663720,1
1374664140,1
1374664260,1
1374664380,1
1374664440,1
1374664680,2
1374666000,1
1374666900,1
1374667020,1
1374668160,2
1374668220,1
1374668760,1
1374668880,1
1374669060,1
1374669420,1
1374671580,1
1374671820,1
1374672240,1
1374673920,1
1374674100,1
1374676020,1
1374676320,1
1374676680,1
1374677100,1
1374677640,1
1374677880,1
1374679560,2
1374680220,1
1374680700,1
1374681900,1
1374682200,1
1374682440,1
1374682680,1
1374682980,1
1374683040,1
1374683580,2
1374684960,1
1374685200,1
1374685380,1
1374685920,1
1374686520,1
1374686700,1
1374686820,1
1374686940,1
1374687180,1
1374687420,1
1374687660,2
1374687780,2
1374688020,1
1374688080,1
1374688320,1
1374688800,1
1374688980,2
1374689040,1
1374689640,1
1374690180,1
1374690420,1
1374690600,1
1374691320,1
1374691560,1
1374691860,2
1374693180,1
1374693420,1
1374694140,1
1374694980,1
1374696900,1
1374697920,1
1374698760,1
1374699180,1
1374699300,2
1374699600,1
1374700020,2
1374700620,1
1374700680,1
1374701220,1
1374701340,2
1374701940,2
1374702120,1
1374702480,1
1374702600,2
1374702660,2
1374702840,5
1374703680,1
1374703800,1
1374705120,1
1374705240,1
1374705480,1
1374705900,1
1374708780,1
1374709380,1
1374710460,1
1374711300,1
1374712440,1
1374712980,1
1374713520,1
1374715680,1
1374716640,1
1374716940,2
1374717000,1
1374717360,1
1374719640,1
1374719760,1
1374719820,2
1374720240,1
1374720480,1
1374724680,2
1374731100,1
1374747420,1
1374748320,1
1374749520,1
1374750720,1
1374750900,1
1374752700,1
1374753120,1
1374753300,1
1374753540,1
1374753900,1
1374753960,1
1374754980,1
1374755220,1
1374756480,2
1374756660,2
1374756780,1
1374757020,1
1374757620,1
1374757920,1
1374758220,1
1374758460,1
1374758820,2
1374758940,2
1374759120,2
1374760680,1
1374761520,2
1374761760,1
1374761880,1
1374762780,1
1374762840,1
1374762960,1
1374763680,2
1374763860,2
1374764700,1
1374766920,1
1374767100,1
1374767760,1
1374768060,1
1374768420,1
1374768840,1
1374770340,1
1374770580,1
1374770880,1
1374771000,1
1374771840,1
1374772020,2
1374773220,1
1374774060,1
1374774540,1
1374774780,1
1374775020,1
1374775680,1
1374776160,1
1374776640,1
1374776820,1
1374777840,1
1374779400,1
1374779760,1
1374780240,1
1374780420,1
1374780720,1
1374781320,1
1374781500,2
1374781740,1
1374782760,1
1374783240,1
1374783360,2
1374783960,1
1374784740,2
1374786720,2
1374786900,1
1374787200,1
1374787260,1
1374787740,1
1374788640,2
1374788820,1
1374788940,1
1374789420,1
1374789660,1
1374790200,1
1374790560,1
1374790680,1
1374791220,1
1374791340,1
1374792000,1
1374792660,1
1374793140,1
1374794460,1
1374795420,1
1374795720,1
1374795780,1
1374795900,1
1374797220,1
1374797280,1
1374798120,1
1374799560,1
1374802380,2
1374804600,1
1374804720,1
1374806160,1
1374807480,1
1374807600,1
1374807720,2
1374811020,1
1374812040,1
1374818580,1
1374819780,1
1374832260,1
1374834180,1
1374834600,2
1374835380,1
1374835680,1
1374836280,1
1374837180,1
1374837360,1
1374837900,1
1374838260,2
1374838320,1
1374839280,1
1374840300,1
1374840840,1
1374841320,3
1374841800,1
1374843120,2
1374843660,1
1374843840,1
1374844440,1
1374845700,1
1374845820,2
1374846120,1
1374846420,2
1374846840,1
1374847440,1
1374848040,2
1374848520,1
1374848640,1
1374850080,2
1374852060,2
1374852420,1
1374853320,1
1374854100,1
1374855000,2
1374855420,1
1374855480,1
1374856020,1
1374856260,1
1374856740,2
1374857340,1
1374857460,2
1374857760,1
1374857940,1
1374858120,1
1374859140,1
1374859260,2
1374859860,1
1374860460,1
1374861000,1
1374861120,1
1374861180,2
1374861300,2
1374861720,1
1374861840,1
1374862140,1
1374862320,1
1374862500,1
1374863460,1
1374863640,1
1374863940,1
1374865560,1
1374866040,1
1374866100,1
1374866160,1
1374867420,1
1374867600,1
1374868020,1
1374868080,2
1374868260,1
1374870600,1
1374870720,2
1374871320,1
1374871380,2
1374871680,1
1374871860,1
1374873300,1
1374874800,1
1374874980,1
1374875580,2
1374876300,2
1374877020,1
1374879480,2
1374880020,1
1374880320,1
1374880620,1
1374883020,1
1374885540,1
1374887820,1
1374889740,1
1374890220,1
1374894960,1
1374896340,1
1374900120,3
1374905100,1
1374905880,1
1374912960,1
1374913260,1
1374926580,1
1374926700,1
1374927960,1
1374930180,1
1374932280,1
1374933120,1
1374933600,1
1374936360,1
1374936960,1
1374937080,1
1374937260,1
1374937920,1
1374938160,1
1374938520,1
1374939780,1
1374941340,1
1374941820,1
1374941940,1
1374942660,1
1374942780,1
1374943560,2
1374943980,2
1374945180,1
1374945420,1
1374946020,1
1374948000,1
1374948060,1
1374948240,1
1374949440,1
1374950700,3
1374951060,2
1374951120,3
1374952680,1
1374952920,2
1374954300,1
1374954660,1
1374954900,1
1374956160,1
1374956580,2
1374956700,1
1374957240,1
1374958200,1
1374959280,1
1374960540,1
1374961980,1
1374962160,2
1374962280,1
1374962760,1
1374963300,1
1374963540,2
1374963660,1
1374963900,1
1374964320,1
1374964440,1
1374964560,1
1374966780,1
1374968220,1
1374969060,1
1374973260,2
1374976260,1
1374977880,1
1374981360,1
1374982020,2
1374982860,1
1374983760,2
1374988020,2
1374989220,1
1374989520,2
1374993240,1
1374993420,1
1374998880,1
1375014960,1
1375015680,1
1375019520,1
1375019820,1
1375020120,1
1375020540,1
1375020720,1
1375020780,1
1375020900,1
1375021200,3
1375021740,1
1375023240,1
1375025700,1
1375025820,1
1375025940,3
1375027260,1
1375027620,1
1375027980,1
1375028100,1
1375028460,1
1375028940,1
1375029180,2
1375030920,1
1375034820,2
1375035780,1
1375035960,1
1375036380,1
1375036560,1
1375036680,1
1375037160,1
1375037580,1
1375037760,1
1375038600,2
1375039500,1
1375040100,1
1375040160,1
1375041900,1
1375042860,1
1375043160,1
1375043340,1
1375044600,1
1375044900,1
1375046160,1
1375047000,1
1375048320,1
1375050240,1
1375051860,1
1375055160,1
1375055880,1
1375059780,1
1375059840,1
1375061580,1
1375061820,1
1375062120,1
1375062240,1
1375062960,1
1375064640,1
1375066320,1
1375073160,1
1375090140,1
1375092840,1
1375095240,1
1375095420,1
1375097160,1
1375097460,1
1375097580,1
1375098480,1
1375098900,1
1375099380,1
1375099620,1
1375100040,1
1375100400,2
1375100520,1
1375101420,2
1375102380,1
1375102560,1
1375102920,3
1375103040,1
1375103280,1
1375104300,1
1375104900,1
1375105860,1
1375106940,1
1375107240,1
1375107420,1
1375108800,1
1375109520,1
1375109700,1
1375110000,1
1375110480,1
1375110720,1
1375112100,1
1375113480,1
1375114740,1
1375114980,1
1375115100,1
1375115280,1
1375115400,1
1375115700,1
1375115760,1
1375115940,1
1375116000,1
1375117200,1
1375117440,1
1375117680,1
1375118040,1
1375119720,1
1375120020,1
1375120680,1
1375120740,1
1375120860,1
1375121040,1
1375121100,1
1375121340,1
1375122720,1
1375123560,1
1375123740,1
1375124940,1
1375125180,1
1375125660,1
1375125840,1
1375126260,1
1375126500,1
1375127040,1
1375127400,1
1375127760,1
1375128000,1
1375128240,2
1375129740,1
1375130940,1
1375131180,1
1375131420,1
1375131600,1
1375131960,2
1375132020,1
1375132200,1
1375132260,1
1375132620,1
1375133580,1
1375133640,2
1375134360,2
1375134540,1
1375134840,1
1375134900,2
1375135020,1
1375135140,1
1375135260,1
1375135440,1
1375135680,2
1375135740,3
1375135860,2
1375136100,2
1375136280,2
1375136340,1
1375136460,1
1375137180,3
1375137900,1
1375139040,1
1375139280,1
1375139700,1
1375139880,1
1375140540,1
1375140960,1
1375141440,1
1375141860,1
1375142700,1
1375143420,1
1375144620,1
1375145580,1
1375145700,1
1375146540,1
1375147380,1
1375147620,1
1375148040,1
1375149660,1
1375151760,1
1375153560,1
1375160760,1
1375164360,1
1375169760,1
1375169940,1
1375176360,1
1375180020,1
1375180200,1
1375180980,1
1375181160,1
1375181400,1
1375181580,1
1375181760,1
1375182000,1
1375182960,1
1375183140,1
1375183380,1
1375183680,1
1375183800,1
1375184400,2
1375184520,1
1375184700,1
1375184940,2
1375185000,2
1375185120,1
1375185600,1
1375186200,1
1375186260,1
1375186860,1
1375186920,1
1375187700,1
1375187760,2
1375187940,1
1375188060,1
1375188300,1
1375188660,1
1375188720,1
1375188900,1
1375189020,1
1375189800,2
1375190040,1
1375190460,1
1375190820,1
1375191060,2
1375191300,1
1375191360,1
1375191840,1
1375192980,1
1375193100,1
1375193640,1
1375194000,2
1375195500,1
1375195560,1
1375196400,1
1375197300,1
1375197420,1
1375197600,1
1375197900,1
1375198320,1
1375198980,2
1375199040,4
1375200540,1
1375200600,1
1375200720,1
1375200900,1
1375201020,3
1375201800,1
1375202340,1
1375202880,2
1375203180,1
1375203240,1
1375203660,1
1375204620,1
1375205280,1
1375206600,1
1375206720,1
1375207260,1
1375207800,1
1375208340,1
1375209300,1
1375209720,2
1375210680,1
1375210920,1
1375211280,1
1375211580,1
1375211640,1
1375213800,1
1375213860,1
1375214340,1
1375215960,1
1375216380,1
1375216800,1
1375217460,1
1375217640,1
1375217880,2
1375218000,1
1375218240,1
1375218600,2
1375218840,1
1375219140,1
1375219620,2
1375219680,3
1375219800,1
1375219980,1
1375220940,1
1375221960,2
1375223040,1
1375223640,1
1375223940,1
1375224120,4
1375224420,1
1375227840,1
1375228860,1
1375230360,1
1375230480,1
1375231740,1
1375235400,1
1375236240,1
1375236420,1
1375238940,1
1375239120,1
1375242420,1
1375242540,1
1375250940,2
1375252380,1
1375263600,1
1375267260,2
1375267800,2
1375268160,3
1375268880,1
1375269360,1
1375269420,1
1375269780,1
1375270260,1
1375270920,1
1375271100,2
1375271220,1
1375271280,2
1375271400,1
1375271700,1
1375272120,1
1375272480,1
1375272720,1
1375272780,2
1375272840,1
1375272900,2
1375273380,1
1375273500,2
1375274520,1
1375276140,1
1375276320,1
1375276560,1
1375277280,1
1375277640,3
1375277820,1
1375277940,1
1375278060,1
1375278420,1
1375280040,1
1375280460,1
1375280700,1
1375281840,2
1375282200,1
1375282440,1
1375282800,2
1375284060,1
1375284120,1
1375284540,1
1375285320,1
1375285680,1
1375285980,1
1375286040,1
1375286460,1
1375287480,1
1375287600,1
1375288380,1
1375288440,2
1375288800,1
1375288920,1
1375289100,1
1375291020,1
1375291320,1
1375291440,1
1375291680,1
1375291800,1
1375291980,1
1375292580,1
1375293480,1
1375293780,1
1375293900,1
1375294500,1
1375294680,1
1375294740,2
1375295400,1
1375296120,1
1375297920,1
1375298160,1
1375298340,1
1375298580,1
1375300200,2
1375300320,1
1375301340,1
1375301580,1
1375301760,1
1375302300,1
1375302660,1
1375303800,1
1375304520,1
1375305180,1
1375305240,1
1375305540,3
1375305720,1
1375306380,1
1375306560,1
1375307520,1
1375307820,1
1375308000,1
1375308120,2
1375310400,1
1375310940,1
1375311360,1
1375311540,1
1375311780,1
1375312920,1
1375314900,1
1375315140,1
1375316100,1
1375316880,1
1375317360,1
1375317780,2
1375318260,1
1375318980,1
1375320240,1
1375320360,1
1375321920,1
1375325520,1
1375327380,1
1375328400,1
1375330020,1
1375333020,1
1375333080,1
1375334100,1
1375342440,1
1375345440,1
1375352940,1
1375353420,1
1375354020,1
1375354320,1
1375354560,2
1375355520,1
1375356420,1
1375356660,1
1375356900,1
1375357260,2
1375357320,1
1375357440,1
1375357500,1
1375357560,2
1375357860,1
1375358100,1
1375358340,1
1375358400,2
1375358520,2
1375358580,1
1375359780,1
1375360080,1
1375360500,2
1375361040,1
1375361280,2
1375361940,1
1375363140,1
1375363380,1
1375363740,1
1375363980,1
1375364700,1
1375364820,2
1375364880,2
1375365060,1
1375365360,1
1375365600,1
1375366080,1
1375367700,1
1375368900,1
1375369920,1
1375369980,1
1375370040,1
1375370580,1
1375370760,1
1375372440,1
1375372500,1
1375373220,1
1375376580,1
1375379700,1
1375383540,1
1375384020,1
1375385160,1
1375387560,1
1375388580,1
1375389420,1
1375390380,1
1375390500,1
1375390740,1
1375391040,1
1375391280,1
1375391580,1
1375393140,1
1375393440,1
1375393800,1
1375395000,1
1375395360,1
1375395600,1
1375395960,2
1375396200,1
1375396680,1
1375396740,1
1375396980,1
1375397100,1
1375397520,1
1375399140,1
1375399500,1
1375400220,1
1375401180,1
1375402200,1
1375403760,1
1375404000,1
1375404720,1
1375407000,1
1375411740,1
1375411860,1
1375420500,1
1375424100,1
1375434600,1
1375434840,1
1375435020,3
1375435080,1
1375437660,1
1375439160,1
1375439460,1
1375439700,1
1375441620,1
1375443360,1
1375443540,1
1375443960,3
1375444140,1
1375444500,1
1375444620,1
1375445220,2
1375445460,1
1375446000,2
1375446180,1
1375446420,1
1375447140,1
1375447380,1
1375447440,1
1375447620,1
1375447800,1
1375448460,2
1375448520,1
1375448640,1
1375448700,2
1375448820,1
1375449240,2
1375449300,1
1375449840,1
1375450020,1
1375450260,1
1375450680,1
1375450860,1
1375451220,1
1375451280,1
1375451340,2
1375451520,1
1375452420,1
1375452780,1
1375452960,1
1375454880,1
1375455840,1
1375455900,1
1375456380,1
1375456560,1
1375456980,1
1375457100,1
1375457460,1
1375458720,1
1375458960,2
1375459320,2
1375459440,3
1375460400,1
1375460460,1
1375460520,1
1375460820,1
1375461240,1
1375461900,1
1375462920,1
1375463160,2
1375463640,1
1375463820,1
1375463880,1
1375464000,1
1375464540,1
1375464840,1
1375464900,1
1375465980,1
1375466280,1
1375466580,1
1375467660,1
1375467720,1
1375467960,1
1375468140,2
1375468980,1
1375469400,1
1375470420,1
1375470480,1
1375471260,2
1375471320,1
1375471440,1
1375472220,2
1375472460,1
1375472880,1
1375473420,1
1375473600,3
1375473780,2
1375473900,1
1375473960,2
1375474080,1
1375474260,1
1375474560,1
1375474740,1
1375474860,1
1375475280,1
1375475580,1
1375475880,1
1375476480,1
1375477140,1
1375477260,1
1375477440,1
1375477560,1
1375477740,1
1375478100,1
1375478580,1
1375478880,1
1375479120,1
1375479840,1
1375480260,1
1375480740,1
1375481700,1
1375482360,2
1375482840,1
1375483380,1
1375483740,1
1375485360,1
1375485480,1
1375485840,1
1375486500,1
1375486980,1
1375487520,1
1375488000,1
1375489680,1
1375490940,1
1375493160,1
1375493220,1
1375498800,1
1375502040,3
1375509540,1
1375512840,1
1375516140,1
1375518660,1
1375528740,1
1375531500,1
1375531560,1
1375532820,1
1375537620,1
1375539540,1
1375543140,1
1375544220,1
1375545600,1
1375546020,1
1375547760,1
1375548420,2
1375550220,1
1375550580,1
1375551900,1
1375552080,1
1375552320,1
1375552680,1
1375553160,2
1375553220,1
1375553280,1
1375553400,1
1375553760,1
1375554120,2
1375554540,1
1375555080,1
1375556700,1
1375556940,2
1375557180,1
1375557480,2
1375557540,1
1375557780,1
1375558500,1
1375558800,1
1375558980,1
1375559220,1
1375559880,1
1375560180,1
1375560780,2
1375560900,1
1375561320,1
1375562220,1
1375562880,1
1375564200,1
1375564680,1
1375565100,1
1375565760,1
1375568880,1
1375569060,2
1375569120,1
1375569480,1
1375569720,2
1375570080,1
1375570380,1
1375570620,1
1375571100,1
1375573020,2
1375573920,1
1375574520,1
1375576680,1
1375579980,1
1375581180,1
1375581720,2
1375582020,1
1375584240,1
1375584480,1
1375586340,1
1375586640,1
1375589220,1
1375589400,2
1375592640,1
1375593000,1
1375594140,1
1375598220,1
1375603260,1
1375613580,1
1375613820,1
1375619580,1
1375621500,1
1375623300,2
1375624380,1
1375625760,1
1375626180,1
1375627860,1
1375627980,1
1375628100,3
1375628640,1
1375629060,1
1375629180,2
1375629600,1
1375630020,1
1375630380,1
1375630680,1
1375630920,1
1375632120,1
1375632420,1
1375632540,1
1375634340,3
1375634520,1
1375634820,1
1375634880,1
1375636200,1
1375636680,1
1375637700,1
1375637820,2
1375638060,1
1375638900,1
1375639140,1
1375640220,1
1375640760,1
1375641000,1
1375643160,1
1375643760,1
1375644240,1
1375644960,1
1375645080,1
1375652040,1
1375652400,1
1375652520,2
1375652880,1
1375653780,1
1375654320,1
1375654920,1
1375655400,1
1375656360,3
1375657020,2
1375657920,1
1375658040,1
1375658100,1
1375658700,1
1375661520,2
1375663860,2
1375663980,1
1375666920,1
1375668060,1
1375669740,1
1375669980,1
1375670040,1
1375672140,1
1375673100,1
1375676220,1
1375690440,1
1375697220,1
1375698240,1
1375699080,2
1375701300,1
1375702740,1
1375704300,2
1375704780,2
1375704900,1
1375705080,1
1375705500,1
1375705560,1
1375706280,3
1375706400,1
1375706700,2
1375706880,1
1375707720,3
1375708020,1
1375708320,1
1375708440,1
1375709160,1
1375709520,1
1375709640,3
1375709880,1
1375710300,1
1375710420,1
1375710660,1
1375710720,1
1375711140,2
1375711680,1
1375712460,1
1375713060,1
1375713540,2
1375714860,1
1375715400,1
1375715580,1
1375716960,1
1375717020,1
1375717500,1
1375717680,1
1375717920,1
1375718340,1
1375718700,1
1375719060,1
1375719180,1
1375719540,1
1375719600,1
1375720680,1
1375720740,1
1375720860,2
1375720980,1
1375721160,2
1375721460,1
1375721580,1
1375723020,1
1375723080,1
1375723560,1
1375724400,1
1375724520,2
1375725120,1
1375725300,1
1375726440,2
1375727160,2
1375727760,1
1375728180,2
1375728300,1
1375729320,2
1375729440,1
1375730880,1
1375730940,1
1375731000,1
1375731120,1
1375731480,1
1375731600,1
1375731900,1
1375732740,1
1375733220,1
1375733940,1
1375734660,1
1375735740,1
1375736220,1
1375736520,2
1375736820,1
1375736940,1
1375737060,3
1375737240,2
1375738020,1
1375738080,2
1375738380,1
1375738440,1
1375738680,2
1375738860,1
1375738920,1
1375739460,1
1375739520,1
1375739640,1
1375739940,1
1375740480,1
1375741320,1
1375742100,1
1375742340,1
1375742460,1
1375743120,1
1375743180,1
1375743360,1
1375744620,1
1375746120,1
1375746540,1
1375746840,1
1375747680,1
1375747800,1
1375748160,1
1375748400,1
1375750740,1
1375752780,1
1375753500,1
1375753860,1
1375759680,1
1375768140,1
1375770120,1
1375784340,1
1375785300,1
1375786680,1
1375787400,2
1375787520,1
1375788060,1
1375788180,1
1375788900,1
1375791240,1
1375791720,1
1375792020,1
1375792080,1
1375792740,1
1375793160,2
1375793520,1
1375793880,1
1375794540,2
1375794600,1
1375794840,1
1375795020,2
1375795500,1
1375796100,1
1375796340,1
1375796700,1
1375797060,2
1375797120,1
1375797420,2
1375798620,1
1375798980,1
1375801320,1
1375802820,1
1375803060,1
1375803960,1
1375804620,1
1375805040,1
1375805160,1
1375805340,1
1375807320,1
1375807680,1
1375808520,1
1375808700,1
1375809120,1
1375809300,1
1375809600,1
1375809720,3
1375809840,1
1375810080,1
1375811220,3
1375811580,1
1375811700,2
1375812300,1
1375813080,1
1375813440,1
1375813620,1
1375814340,1
1375815240,1
1375815720,1
1375816320,1
1375817100,1
1375817520,1
1375817820,1
1375818780,1
1375819500,1
1375820040,1
1375820340,2
1375820460,1
1375820940,2
1375821060,1
1375821480,1
1375822380,1
1375822500,1
1375823220,2
1375823280,1
1375823640,1
1375824840,4
1375825860,1
1375826460,1
1375826940,1
1375827240,1
1375827300,1
1375827600,1
1375828200,1
1375828320,1
1375828380,1
1375829040,2
1375829160,1
1375829280,1
1375829340,1
1375829400,1
1375829580,2
1375829700,1
1375829820,2
1375830240,2
1375831680,1
1375831740,1
1375831800,1
1375832280,1
1375832460,2
1375833120,1
1375833300,1
1375833480,1
1375833780,1
1375834680,1
1375834920,1
1375836060,1
1375837140,1
1375839780,1
1375840380,1
1375843080,2
1375846440,2
1375847100,1
1375853100,1
1375871760,1
1375871880,1
1375873020,1
1375873980,1
1375874460,1
1375874640,1
1375875360,1
1375875840,1
1375876080,1
1375876200,1
1375876620,1
1375877640,1
1375878000,1
1375878840,1
1375879200,2
1375879740,1
1375880040,1
1375880220,1
1375880520,1
1375881600,2
1375881720,1
1375881900,1
1375882320,1
1375883160,1
1375883280,1
1375884600,1
1375885200,2
1375885980,2
1375886520,1
1375886640,1
1375887660,2
1375887720,1
1375888020,1
1375888560,1
1375889460,2
1375889760,1
1375890060,1
1375890540,1
1375890960,3
1375891200,1
1375891500,1
1375892580,1
1375894260,1
1375894440,1
1375895280,1
1375895880,1
1375896000,1
1375896240,1
1375896540,1
1375896660,1
1375897500,1
1375897560,1
1375897740,1
1375898220,1
1375898400,1
1375899180,2
1375899600,1
1375899960,1
1375900680,1
1375900920,1
1375901100,1
1375901640,1
1375902420,1
1375905120,1
1375905720,1
1375906080,1
1375906260,1
1375906620,2
1375906680,1
1375906980,3
1375907280,1
1375907640,1
1375907880,1
1375908060,1
1375908120,1
1375909080,1
1375909320,1
1375909560,1
1375909740,1
1375910100,1
1375910280,1
1375910640,1
1375910760,1
1375911420,1
1375912140,1
1375912380,1
1375912560,2
1375913160,2
1375913640,1
1375914360,1
1375914480,1
1375915080,1
1375915140,1
1375915920,1
1375916400,1
1375917240,2
1375917360,1
1375917420,2
1375917960,1
1375918260,1
1375918440,2
1375918740,1
1375918860,1
1375919160,2
1375919460,2
1375920360,1
1375920540,1
1375921020,1
1375921320,1
1375923180,1
1375931520,1
1375932360,1
1375939080,1
1375939440,1
1375956120,1
1375958580,2
1375959360,1
1375960560,1
1375960980,1
1375961100,1
1375962540,1
1375962720,1
1375963020,1
1375963680,2
1375963920,1
1375964280,1
1375964700,1
1375964940,1
1375965180,1
1375965600,2
1375966140,1
1375966320,1
1375966980,1
1375967040,1
1375967160,3
1375967220,1
1375967520,1
1375968300,1
1375968420,2
1375968720,1
1375969560,4
1375970400,1
1375970940,1
1375972320,1
1375972740,1
1375975320,1
1375975620,1
1375975680,1
1375976460,1
1375977120,1
1375977240,1
1375977360,2
1375977540,1
1375977720,1
1375977840,1
1375977960,1
1375978800,1
1375978980,1
1375980360,1
1375980540,1
1375980660,1
1375981140,1
1375981320,1
1375981680,1
1375982040,1
1375982100,1
1375982460,1
1375982580,2
1375982760,1
1375983540,1
1375983720,1
1375984020,2
1375984860,1
1375986060,1
1375986240,1
1375987080,1
1375987440,1
1375987800,1
1375988580,2
1375988940,1
1375990620,1
1375991100,1
1375991460,1
1375993440,1
1375993560,1
1375994220,1
1375995000,1
1375995060,1
1375996020,1
1375996200,1
1375996260,1
1375996320,2
1375996440,1
1375996920,2
1375997520,1
1375998240,1
1375998360,1
1375998660,1
1375998900,1
1375999200,1
1376000760,1
1376001480,2
1376001600,2
1376001660,1
1376002020,1
1376002380,1
1376002620,1
1376003040,1
1376003280,1
1376003580,2
1376003940,1
1376004180,1
1376004240,1
1376004420,3
1376004840,1
1376005320,2
1376006520,2
1376007900,1
1376008680,1
1376008800,1
1376009760,1
1376013540,1
1376015100,1
1376015880,1
1376017740,1
1376017980,1
1376019240,1
1376020020,1
1376020380,1
1376020680,1
1376026260,1
1376044200,1
1376045880,1
1376046000,1
1376047260,1
1376048160,1
1376049720,2
1376050200,1
1376051220,1
1376051280,1
1376052060,1
1376052420,1
1376052600,1
1376052780,2
1376052900,1
1376053260,1
1376053860,1
1376054160,1
1376055180,1
1376056320,1
1376056800,1
1376056920,1
1376057040,1
1376057160,2
1376058300,1
1376058420,2
1376059620,1
1376059740,1
1376060220,1
1376061060,1
1376064720,2
1376064840,1
1376065140,1
1376065680,3
1376066160,1
1376066220,2
1376066580,1
1376067420,1
1376069580,1
1376070000,1
1376070240,1
1376070420,1
1376070600,1
1376070660,1
1376071260,1
1376071500,2
1376071620,1
1376072700,1
1376073360,1
1376074080,1
1376074320,1
1376075040,1
1376075160,1
1376075340,1
1376076420,1
1376077920,2
1376078040,1
1376078580,1
1376079420,3
1376080260,1
1376080320,1
1376080620,1
1376081400,2
1376082120,1
1376082180,1
1376082480,2
1376082660,4
1376082780,1
1376083500,1
1376084160,1
1376085360,2
1376085600,1
1376085720,1
1376086140,1
1376086320,1
1376086380,1
1376086500,2
1376087160,1
1376087460,1
1376087640,1
1376088120,2
1376088300,1
1376089200,1
1376089380,1
1376089680,1
1376090400,1
1376090460,1
1376090640,1
1376090760,3
1376090940,1
1376091180,1
1376091360,1
1376091420,1
1376091660,1
1376093940,1
1376096700,1
1376097600,1
1376097900,1
1376099820,2
1376100360,1
1376100720,1
1376103840,1
1376104080,1
1376105580,1
1376106420,1
1376106960,1
1376123340,1
1376137260,1
1376139900,1
1376140080,1
1376141520,1
1376141700,1
1376141760,2
1376142360,1
1376143140,1
1376144400,1
1376146320,1
1376146980,1
1376147880,1
1376148420,1
1376148600,1
1376149140,1
1376149260,2
1376150040,1
1376150340,1
1376151780,2
1376152020,1
1376153820,1
1376154480,1
1376155560,1
1376155740,2
1376156760,1
1376156880,1
1376158080,1
1376160180,1
1376160480,1
1376160720,2
1376161260,1
1376161800,1
1376162100,1
1376162160,1
1376162520,1
1376163960,2
1376164200,1
1376164620,1
1376164860,2
1376165280,1
1376165880,1
1376166060,1
1376166480,1
1376168220,1
1376168460,1
1376170380,1
1376170740,1
1376171100,1
1376172000,2
1376172900,1
1376173140,1
1376174400,2
1376174520,1
1376176500,1
1376177640,1
1376178180,1
1376180700,2
1376180760,2
1376181060,1
1376181540,1
1376182260,2
1376185620,1
1376185740,1
1376187660,1
1376191140,2
1376193120,1
1376195400,1
1376203860,1
1376204160,1
1376204460,1
1376209320,1
1376221800,2
1376226000,1
1376227200,1
1376228820,4
1376229900,1
1376230080,1
1376230260,1
1376230380,1
1376230560,1
1376231040,1
1376231100,1
1376231400,1
1376231460,1
1376231640,1
1376232840,1
1376232960,1
1376233080,1
1376233200,2
1376233500,1
1376234760,1
1376235360,1
1376235780,1
1376236380,2
1376236740,1
1376237040,1
1376237820,1
1376238000,1
1376238120,1
1376238540,1
1376239020,1
1376239740,1
1376240520,1
1376242980,1
1376243340,2
1376244180,1
1376244540,1
1376246760,1
1376246940,1
1376247060,1
1376247720,1
1376248080,2
1376248740,1
1376248800,1
1376248920,2
1376249340,2
1376249460,1
1376249820,1
1376250300,1
1376250480,1
1376251260,1
1376251980,1
1376252940,1
1376254860,1
1376256480,1
1376256780,1
1376256900,1
1376257500,1
1376257920,1
1376258160,1
1376258400,1
1376259120,1
1376259540,2
1376259780,2
1376260080,1
1376260740,1
1376261760,1
1376262660,1
1376264040,1
1376264340,1
1376267400,1
1376268000,1
1376269140,1
1376273160,1
1376273400,1
1376277360,1
1376280840,1
1376281080,1
1376296620,1
1376300640,1
1376302320,1
1376304240,1
1376304420,1
1376308320,1
1376308980,1
1376309040,1
1376309280,1
1376309520,1
1376309700,1
1376310840,1
1376311020,1
1376311860,1
1376312340,1
1376313240,1
1376313480,1
1376313720,1
1376313900,1
1376313960,2
1376314020,1
1376314080,1
1376314440,1
1376315640,1
1376315700,1
1376316540,1
1376318520,1
1376318580,1
1376320080,1
1376320260,1
1376320980,1
1376321160,1
1376322120,1
1376322840,1
1376323020,1
1376323140,1
1376324640,2
1376325360,1
1376325660,1
1376326020,1
1376326380,1
1376327100,1
1376327820,1
1376328060,1
1376328600,1
1376329320,1
1376329980,1
1376330340,1
1376330700,1
1376331240,1
1376331540,1
1376331840,2
1376332620,1
1376332980,1
1376333100,2
1376333340,2
1376333640,1
1376334840,1
1376335980,1
1376336460,1
1376337840,1
1376338500,1
1376338620,2
1376338980,2
1376339220,1
1376339400,2
1376339520,1
1376339820,1
1376340180,1
1376340300,1
1376340540,1
1376340840,2
1376340960,1
1376341020,1
1376341620,2
1376341740,2
1376341800,1
1376341980,1
1376342340,1
1376342460,1
1376342820,1
1376342940,1
1376343240,2
1376343600,1
1376344020,1
1376344200,1
1376344980,1
1376345040,1
1376345220,1
1376345280,2
1376345460,1
1376345580,1
1376346600,1
1376346840,1
1376347080,1
1376348280,1
1376349780,1
1376351880,2
1376352660,1
1376352840,1
1376354160,1
1376355540,1
1376355780,2
1376358300,1
1376359440,1
1376359800,1
1376360280,1
1376362440,1
1376362680,1
1376363700,1
1376364240,1
1376365740,1
1376366280,1
1376389680,1
1376391420,1
1376391960,3
1376392620,1
1376394540,1
1376395920,1
1376396220,1
1376399340,1
1376401320,1
1376406660,1
1376408820,1
1376408880,1
1376409240,1
1376413920,1
1376414580,1
1376414700,1
1376417160,1
1376417220,1
1376417340,1
1376418540,1
1376419200,1
1376420100,1
1376420580,2
1376420700,2
1376421780,2
1376422080,1
1376423400,1
1376423640,1
1376424600,1
1376425860,1
1376425920,1
1376427780,2
1376428260,1
1376428380,1
1376428440,1
1376428860,1
1376429280,1
1376429340,1
1376429820,1
1376430720,1
1376431320,1
1376431800,1
1376432280,1
1376432400,1
1376432820,1
1376433180,1
1376436240,1
1376437380,1
1376438340,1
1376439540,1
1376440080,1
1376440380,1
1376440800,1
1376442240,1
1376442420,1
1376442480,1
1376445480,1
1376445840,1
1376446860,1
1376449440,1
1376449560,1
1376452620,1
1376454720,1
1376455860,1
1376458440,1
1376462460,1
1376464560,1
1376473380,1
1376474520,1
1376475960,1
1376476260,1
1376476860,1
1376477040,1
1376477580,1
1376477880,1
1376478360,2
1376479020,1
1376479620,1
1376479860,1
1376480040,1
1376480340,1
1376480580,1
1376482680,1
1376483100,2
1376483400,1
1376483580,2
1376483820,1
1376484060,1
1376484420,2
1376484960,1
1376485260,1
1376485380,1
1376485440,1
1376485620,1
1376485860,1
1376486460,3
1376486520,1
1376486580,1
1376486940,1
1376487300,1
1376487360,3
1376487480,1
1376487840,1
1376488080,1
1376488440,1
1376488680,2
1376489040,1
1376489160,1
1376489220,1
1376490360,1
1376491800,2
1376491920,1
1376492280,1
1376492940,1
1376493840,1
1376495040,1
1376495280,1
1376495760,1
1376496180,2
1376496420,1
1376497380,1
1376497560,2
1376497740,1
1376498460,1
1376499120,1
1376500380,1
1376500860,1
1376501160,1
1376501340,1
1376501460,2
1376501760,1
1376502180,1
1376502360,1
1376502780,1
1376503920,1
1376504160,1
1376506800,1
1376508120,1
1376508720,1
1376509320,1
1376510520,2
1376511000,1
1376511060,1
1376511240,1
1376511360,1
1376512200,2
1376512860,1
1376513040,1
1376513280,1
1376513640,1
1376514060,2
1376514360,1
1376514660,1
1376514840,1
1376515020,1
1376515200,1
1376515620,1
1376516160,2
1376516220,1
1376516520,2
1376516700,1
1376517300,1
1376517480,2
1376517720,3
1376518200,1
1376518560,1
1376518680,1
1376518740,1
1376519520,1
1376519940,1
1376520420,1
1376521620,2
1376522640,1
1376522820,1
1376523660,1
1376523720,1
1376524020,1
1376525040,1
1376526540,1
1376527260,1
1376528280,1
1376529180,1
1376533320,1
1376534640,1
1376535120,1
1376536080,1
1376536500,1
1376539680,1
1376540340,1
1376540820,1
1376541180,1
1376562360,1
1376563320,1
1376563800,2
1376563920,1
1376564100,1
1376565060,1
1376565360,1
1376565660,1
1376565720,1
1376567100,1
1376567220,1
1376567580,1
1376568180,1
1376568600,1
1376568720,2
1376570280,2
1376570520,1
1376570820,1
1376571180,1
1376571600,1
1376571660,2
1376572080,1
1376573040,1
1376573760,2
1376574720,4
1376574840,4
1376574900,1
1376575620,2
1376576160,2
1376576820,1
1376576940,1
1376577060,2
1376578440,1
1376578500,1
1376578680,1
1376578980,1
1376580720,1
1376580840,1
1376580960,1
1376581200,1
1376581740,1
1376582760,1
1376583000,1
1376583720,1
1376583840,1
1376584320,1
1376584500,1
1376584620,1
1376585040,1
1376585580,1
1376587020,1
1376587320,3
1376587980,1
1376588220,1
1376588700,1
1376590080,1
1376591160,2
1376591280,1
1376591400,1
1376591880,1
1376592420,1
1376592540,2
1376592720,1
1376593020,1
1376593320,1
1376593440,1
1376594760,1
1376595060,1
1376595660,1
1376595840,1
1376596440,1
1376596980,1
1376598480,1
1376598600,1
1376598900,2
1376599140,1
1376599500,2
1376599800,1
1376600040,2
1376600640,2
1376601360,1
1376601720,1
1376601840,1
1376602260,1
1376602860,1
1376603520,1
1376603820,2
1376603880,1
1376604240,1
1376604780,2
1376605140,1
1376605500,2
1376606280,1
1376606760,1
1376606820,1
1376607000,1
1376607180,1
1376607480,1
1376607720,2
1376608560,1
1376608860,1
1376608980,3
1376609040,2
1376609340,1
1376609880,1
1376610540,1
1376611080,1
1376611740,1
1376612100,1
1376612700,1
1376613000,1
1376614440,1
1376614980,1
1376616300,1
1376616420,2
1376617140,1
1376620740,1
1376622720,1
1376623620,1
1376624580,1
1376626980,1
1376627100,1
1376627280,1
1376628360,1
1376634000,1
1376649300,1
1376650020,1
1376650560,1
1376650620,1
1376650740,1
1376651760,1
1376655180,1
1376655360,2
1376655480,1
1376656020,1
1376656680,1
1376657160,1
1376657280,1
1376657820,1
1376657880,1
1376659080,1
1376659320,1
1376659380,1
1376659500,1
1376659860,1
1376660100,1
1376660460,1
1376660700,1
1376661180,2
1376661600,1
1376661780,1
1376662620,1
1376664120,1
1376664240,1
1376665320,2
1376665920,1
1376666280,1
1376666880,1
1376667060,1
1376667780,1
1376668380,1
1376668620,1
1376669040,1
1376669160,2
1376670060,3
1376671440,1
1376672220,1
1376672640,1
1376672700,1
1376673000,1
1376674380,1
1376674980,3
1376675520,1
1376675700,1
1376675820,1
1376676420,1
1376676480,1
1376676600,2
1376676840,1
1376677620,1
1376678040,1
1376678520,1
1376678700,1
1376678820,1
1376678940,1
1376680020,1
1376681220,1
1376682360,1
1376682480,1
1376682720,1
1376683800,1
1376683980,1
1376684340,1
1376684580,1
1376685060,1
1376685240,1
1376685420,1
1376685600,1
1376686080,1
1376686200,2
1376686260,1
1376686560,1
1376687340,1
1376687640,1
1376688300,1
1376688600,1
1376689320,1
1376689440,4
1376689920,1
1376690160,1
1376690640,1
1376692140,1
1376692500,1
1376693640,2
1376694720,1
1376695080,2
1376696580,1
1376696940,1
1376697300,1
1376697360,1
1376697420,1
1376697480,1
1376697900,2
1376698740,1
1376699640,1
1376701080,1
1376701500,2
1376701980,1
1376702640,1
1376704080,1
1376704140,1
1376706420,1
1376707620,1
1376707860,1
1376708040,1
1376708280,1
1376708460,1
1376709720,1
1376711340,1
1376713980,1
1376715540,1
1376717340,1
1376718000,1
1376718480,1
1376722860,1
1376723280,1
1376744280,1
1376744340,1
1376744460,1
1376744520,3
1376744760,1
1376746500,1
1376747880,3
1376748180,1
1376749800,2
1376750580,1
1376752740,1
1376753760,1
1376754240,1
1376754360,1
1376755200,1
1376755500,1
1376758020,1
1376758800,1
1376759220,1
1376759340,1
1376759760,1
1376759880,1
1376760180,1
1376761320,2
1376761560,1
1376762700,2
1376762940,1
1376763000,1
1376763540,1
1376763600,1
1376764200,1
1376766240,2
1376766300,2
1376766840,1
1376767020,1
1376767080,1
1376769660,1
1376770800,2
1376770920,1
1376771160,1
1376772060,1
1376772720,1
1376772840,1
1376773800,2
1376774100,1
1376774460,1
1376774820,1
1376774880,2
1376775000,4
1376775060,4
1376775540,6
1376775780,1
1376775900,1
1376776020,3
1376776260,1
1376776380,1
1376776800,1
1376778060,1
1376778420,1
1376779020,1
1376779500,1
1376779620,1
1376780040,1
1376780160,1
1376781240,1
1376781420,1
1376781480,1
1376782200,1
1376783760,1
1376783820,2
1376784480,1
1376784900,1
1376785020,1
1376785800,1
1376785920,1
1376788740,1
1376789820,1
1376791020,2
1376792880,1
1376793300,2
1376794680,1
1376794800,2
1376795160,2
1376797140,1
1376798280,1
1376798520,2
1376799180,2
1376799840,1
1376804880,1
1376807040,1
1376808480,1
1376822880,1
1376826360,1
1376827380,1
1376827800,2
1376828580,1
1376830080,1
1376831040,1
1376832360,1
1376833020,1
1376833560,1
1376833860,1
1376835060,2
1376835120,1
1376835660,1
1376835780,1
1376836140,2
1376836260,2
1376836680,1
1376836740,1
1376837100,3
1376837340,1
1376838600,4
1376838720,1
1376838960,1
1376839500,1
1376840520,1
1376842020,1
1376842320,1
1376842560,1
1376844360,1
1376844720,2
1376845200,1
1376845740,1
1376846820,1
1376848080,1
1376849100,1
1376849280,1
1376849700,1
1376850300,1
1376850660,1
1376851980,1
1376852760,1
1376853180,2
1376853540,1
1376853720,1
1376853840,1
1376854920,1
1376855160,1
1376855280,2
1376855400,2
1376855700,1
1376856120,1
1376858040,1
1376858460,2
1376858580,1
1376859420,1
1376859840,2
1376859960,1
1376861160,1
1376861760,1
1376862060,2
1376862600,2
1376862840,1
1376863620,1
1376863740,3
1376863800,1
1376863860,1
1376865120,1
1376865480,1
1376865900,1
1376866740,1
1376867640,1
1376867940,1
1376871780,1
1376872680,1
1376874360,1
1376874840,1
1376875080,1
1376875320,1
1376877120,1
1376877540,2
1376877600,1
1376878080,1
1376880480,1
1376880840,2
1376881860,1
1376882520,1
1376883600,1
1376883840,1
1376886780,2
1376889480,2
1376901420,1
1376905320,1
1376908560,1
1376909520,1
1376909880,1
1376910300,1
1376910420,1
1376911380,1
1376911740,1
1376911800,1
1376912520,1
1376913000,1
1376914140,1
1376915460,1
1376915940,1
1376916840,1
1376917260,1
1376917440,1
1376917860,2
1376918040,1
1376918340,1
1376918580,1
1376918760,1
1376918820,1
1376919780,2
1376919960,1
1376920380,1
1376920860,1
1376921520,1
1376922300,1
1376923080,1
1376923740,1
1376925480,1
1376926080,1
1376926740,1
1376927160,2
1376927280,1
1376927700,1
1376929680,1
1376930280,1
1376930580,1
1376930640,1
1376930820,1
1376931060,1
1376932200,1
1376932260,1
1376934780,1
1376935140,2
1376937600,1
1376937720,1
1376937960,1
1376938500,1
1376939880,1
1376940120,1
1376941440,1
1376941860,1
1376942280,1
1376943180,1
1376943540,1
1376943600,1
1376943780,1
1376943900,1
1376944260,1
1376944680,1
1376945400,1
1376946240,2
1376946360,1
1376946540,1
1376946660,1
1376947080,1
1376947620,1
1376947980,1
1376948160,1
1376948400,2
1376948460,1
1376948520,2
1376948820,1
1376949240,2
1376949720,1
1376949900,3
1376950200,1
1376950620,2
1376950740,1
1376950800,1
1376951760,1
1376952240,1
1376952360,1
1376952780,1
1376953320,3
1376953860,1
1376954160,1
1376954400,1
1376954700,1
1376955480,1
1376955600,1
1376957880,1
1376958420,1
1376958840,1
1376960220,1
1376960580,1
1376963580,1
1376968080,1
1376969220,1
1376970900,1
1376971740,1
1376995200,1
1376995680,1
1376996220,1
1376997480,1
1376998860,1
1376999640,1
1376999940,1
1377000540,1
1377000780,1
1377000900,1
1377001260,2
1377002100,1
1377002640,1
1377003420,1
1377003480,1
1377003600,1
1377003720,2
1377003840,1
1377003900,1
1377004560,1
1377004740,1
1377004800,1
1377005040,1
1377005160,1
1377006180,2
1377007260,1
1377007620,1
1377007800,1
1377008220,1
1377008880,1
1377009600,1
1377009780,1
1377009840,1
1377010800,1
1377010860,1
1377011880,1
1377012480,1
1377013020,1
1377013560,1
1377013680,1
1377015840,2
1377016080,1
1377016860,1
1377017640,1
1377017700,1
1377018180,1
1377018300,1
1377018360,3
1377019260,1
1377019680,1
1377019920,2
1377020820,1
1377022020,1
1377022260,1
1377022500,1
1377022980,2
1377023100,1
1377023580,1
1377024420,1
1377024480,1
1377025020,1
1377025500,1
1377026100,1
1377027420,1
1377027720,1
1377027840,1
1377028920,2
1377028980,1
1377030780,1
1377031440,1
1377033240,1
1377033600,1
1377033780,1
1377034080,1
1377034320,1
1377034440,1
1377034920,1
1377056160,1
1377057300,1
1377066780,1
1377075720,1
1377078720,1
1377082440,1
1377082560,2
1377083280,1
1377083880,1
1377084420,1
1377084540,1
1377084840,1
1377085680,1
1377086880,1
1377087840,1
1377088020,1
1377088200,1
1377088680,1
1377088740,3
1377088800,1
1377088860,2
1377089760,2
1377090120,1
1377090420,3
1377091080,1
1377091320,2
1377091680,1
1377092220,1
1377092340,1
1377092760,1
1377092940,1
1377093480,1
1377093900,1
1377095040,1
1377095100,2
1377097560,1
1377097920,1
1377098040,1
1377098820,1
1377099600,1
1377100380,1
1377100800,1
1377101580,1
1377102720,1
1377103140,2
1377103200,1
1377103680,2
1377104220,1
1377104400,1
1377105240,2
1377105360,2
1377105720,2
1377106380,1
1377107100,1
1377107160,1
1377107340,2
1377107700,1
1377107760,1
1377107940,1
1377108000,2
1377108960,1
1377109680,1
1377110400,1
1377110640,1
1377111060,1
1377111660,1
1377112140,1
1377113040,1
1377113400,1
1377115320,1
1377115500,1
1377115740,1
1377115860,2
1377116460,1
1377117000,2
1377117420,1
1377117540,1
1377117660,1
1377118080,1
1377118860,1
1377119340,1
1377119820,2
1377120240,1
1377120300,4
1377120360,2
1377122040,1
1377122340,1
1377122820,1
1377123360,1
1377123540,1
1377124020,2
1377124440,1
1377124860,1
1377125100,1
1377126000,1
1377126840,1
1377127140,1
1377128220,1
1377131160,1
1377131280,2
1377134160,1
1377134640,1
1377134880,1
1377137280,1
1377138360,1
1377140580,1
1377141780,1
1377141840,2
1377142560,7
1377144840,1
1377145140,1
1377149760,1
1377150660,1
1377150840,1
1377156660,1
1377156720,2
1377164400,1
1377168420,2
1377168540,1
1377169020,1
1377170580,1
1377170640,1
1377170940,1
1377171240,1
1377171720,2
1377171780,1
1377172260,1
1377172320,1
1377172740,1
1377173040,1
1377173520,1
1377174480,1
1377174720,1
1377174900,1
1377175560,1
1377176520,1
1377176760,1
1377177720,1
1377178140,1
1377182040,1
1377182520,2
1377183540,2
1377184860,1
1377187080,2
1377187260,1
1377187620,1
1377188280,1
1377188460,1
1377188820,1
1377189000,3
1377189120,3
1377189720,1
1377190740,3
1377190800,1
1377191640,5
1377191760,1
1377194820,1
1377197040,1
1377198000,1
1377198420,1
1377198840,2
1377201300,1
1377202740,1
1377204360,1
1377204660,1
1377205320,1
1377205440,1
1377206340,1
1377206640,1
1377207240,1
1377207780,1
1377208140,1
1377208380,1
1377208620,1
1377209220,1
1377209460,1
1377209520,1
1377209640,1
1377211680,2
1377213300,1
1377213420,1
1377213900,1
1377214800,1
1377216120,1
1377216360,3
1377219180,1
1377219660,2
1377220080,1
1377223440,1
1377223560,1
1377224280,2
1377225900,1
1377227040,1
1377227640,2
1377230820,1
1377232560,1
1377232740,1
1377238080,1
1377240960,2
1377250620,1
1377252120,1
1377253020,1
1377254220,1
1377255360,1
1377257640,1
1377259560,1
1377259860,1
1377260520,1
1377260820,2
1377261300,2
1377261480,1
1377262140,1
1377262260,1
1377262860,1
1377263100,1
1377263220,1
1377263640,2
1377264120,1
1377265320,1
1377266340,4
1377266460,2
1377266640,1
1377267300,1
1377267780,1
1377268140,1
1377268800,1
1377268980,1
1377269640,1
1377271140,2
1377273360,1
1377274080,1
1377274440,1
1377275880,1
1377276180,1
1377276720,3
1377276840,1
1377277680,2
1377277740,1
1377279600,1
1377280200,1
1377280800,1
1377280980,2
1377281340,1
1377281940,1
1377282360,1
1377283080,1
1377283680,1
1377284160,1
1377285540,1
1377285600,1
1377286680,1
1377286800,1
1377286920,1
1377287040,1
1377287340,1
1377287400,1
1377287880,2
1377288420,1
1377288720,1
1377288900,1
1377289560,2
1377289740,1
1377289980,1
1377290880,1
1377291240,1
1377291840,1
1377292380,1
1377292920,1
1377293460,1
1377293520,1
1377293820,2
1377294780,1
1377295800,1
1377297300,2
1377298800,1
1377301080,1
1377302400,1
1377302820,1
1377303660,1
1377304620,1
1377304980,1
1377311280,1
1377313200,1
1377313260,1
1377314160,1
1377314220,1
1377319320,1
1377324300,1
1377326760,1
1377331980,1
1377344340,1
1377347400,1
1377348660,1
1377348960,1
1377350040,1
1377350280,1
1377353280,1
1377353760,1
1377354840,1
1377355200,1
1377355440,1
1377356580,1
1377356700,1
1377358740,1
1377358980,1
1377359580,1
1377361500,2
1377362460,1
1377362760,1
1377364140,1
1377364260,1
1377365160,1
1377366900,1
1377367080,1
1377367140,1
1377367260,1
1377368280,1
1377368880,1
1377369540,1
1377370620,1
1377370740,1
1377370920,1
1377371100,1
1377371220,1
1377371340,1
1377371760,1
1377372120,1
1377372900,1
1377373020,1
1377373740,1
1377374220,1
1377376320,1
1377376560,1
1377376920,1
1377376980,1
1377377220,1
1377377340,1
1377377640,1
1377378480,1
1377378660,3
1377379020,1
1377379320,1
1377379920,1
1377381780,1
1377382740,1
1377382800,1
1377383760,1
1377384360,1
1377384720,1
1377384780,2
1377385020,1
1377385500,1
1377386040,1
1377387000,1
1377387540,1
1377387840,1
1377388620,1
1377389340,2
1377389400,1
1377389940,3
1377390060,1
1377392160,1
1377392820,1
1377393720,2
1377398460,1
1377400020,1
1377400680,1
1377403440,1
1377406560,1
1377406620,1
1377406680,1
1377409320,2
1377411780,1
1377412860,1
1377414000,1
1377418080,1
1377419100,1
1377419820,1
1377429360,1
1377434220,2
1377436620,2
1377437700,1
1377438960,1
1377440100,1
1377441360,1
1377441540,1
1377442200,1
1377442320,1
1377443100,1
1377443400,1
1377444000,1
1377444780,2
1377444900,1
1377445080,1
1377445200,1
1377447360,1
1377447660,2
1377448020,1
1377448920,1
1377450780,1
1377451620,1
1377451860,1
1377452460,2
1377454140,1
1377454680,1
1377454740,1
1377455460,1
1377455760,1
1377455880,1
1377456180,1
1377456660,1
1377456780,2
1377457260,1
1377457800,1
1377459000,3
1377459180,1
1377459360,2
1377459600,1
1377459900,1
1377462660,2
1377463140,1
1377463500,1
1377463800,4
1377463920,1
1377464580,1
1377464640,2
1377465060,1
1377465720,1
1377466680,1
1377466860,1
1377467100,1
1377468000,1
1377469140,2
1377470580,1
1377470880,1
1377471000,2
1377471480,1
1377471720,1
1377472680,2
1377472800,1
1377473400,1
1377474660,1
1377475740,1
1377477240,1
1377477360,1
1377478740,1
1377478800,1
1377480360,1
1377481320,1
1377481620,1
1377482220,1
1377482940,2
1377484380,1
1377484740,1
1377485040,1
1377485340,3
1377487680,1
1377512760,1
1377513000,1
1377514560,1
1377514680,1
1377515940,1
1377516060,1
1377516120,1
1377516540,1
1377516600,1
1377516720,1
1377516780,1
1377516900,3
1377517020,3
1377517620,1
1377518220,1
1377518280,1
1377518640,1
1377518940,1
1377519540,2
1377520620,2
1377521040,2
1377521160,1
1377521280,2
1377521580,1
1377521880,1
1377522060,1
1377522360,1
1377522420,1
1377522540,3
1377522900,1
1377523320,1
1377523920,1
1377524760,1
1377526260,1
1377526380,1
1377527040,1
1377527400,1
1377528180,1
1377528900,1
1377529920,1
1377530160,1
1377530340,1
1377530520,1
1377530640,1
1377531720,1
1377533460,1
1377533580,1
1377533700,1
1377533820,2
1377533940,1
1377534120,2
1377534660,1
1377534960,1
1377535320,1
1377535500,2
1377535560,2
1377535620,1
1377536100,1
1377536280,1
1377537240,1
1377537360,1
1377538500,1
1377539100,1
1377539520,1
1377539580,1
1377540360,1
1377541860,1
1377542280,1
1377542400,1
1377543180,1
1377544140,1
1377544740,1
1377544920,1
1377545340,1
1377546060,1
1377546240,1
1377546480,1
1377546540,2
1377546660,1
1377546720,1
1377547320,1
1377548160,1
1377548940,1
1377549480,1
1377549600,2
1377550140,1
1377550500,1
1377551040,1
1377551880,2
1377552000,1
1377552060,1
1377552300,2
1377553800,1
1377553980,1
1377554040,2
1377554160,1
1377554220,1
1377554460,2
1377554820,1
1377555180,6
1377555360,1
1377555540,1
1377556980,2
1377558480,1
1377558660,1
1377561360,1
1377562680,2
1377564180,1
1377566520,1
1377570480,1
1377573240,1
1377576780,1
1377580200,1
1377600060,1
1377600660,1
1377602340,1
1377602760,2
1377602880,1
1377605700,1
1377605880,1
1377606120,1
1377607020,2
1377607200,1
1377607320,1
1377607800,1
1377607920,1
1377608040,1
1377608460,1
1377609180,1
1377609420,1
1377609540,1
1377609720,2
1377610500,1
1377612660,2
1377613320,1
1377613620,1
1377613920,1
1377614340,1
1377615000,1
1377615840,1
1377616500,1
1377617460,1
1377617640,2
1377619200,3
1377619320,1
1377619860,1
1377620340,1
1377620580,1
1377620700,1
1377621240,1
1377621420,1
1377621960,1
1377622740,1
1377623340,1
1377623520,1
1377623880,1
1377623940,1
1377624540,1
1377624600,1
1377625380,1
1377625500,2
1377625680,2
1377626100,1
1377626340,1
1377626580,2
1377627240,1
1377628200,1
1377628860,1
1377630180,1
1377632040,1
1377632760,2
1377634440,1
1377635280,1
1377635400,1
1377635460,1
1377636360,1
1377636840,1
1377637140,2
1377637260,1
1377637380,1
1377637500,1
1377637920,1
1377638160,1
1377638220,3
1377638280,1
1377638400,1
1377638580,1
1377639120,1
1377639240,2
1377639360,1
1377639480,3
1377639780,2
1377640080,3
1377640200,1
1377640440,1
1377640500,1
1377640680,1
1377640800,2
1377640860,1
1377640920,1
1377641700,3
1377641940,2
1377642180,3
1377642300,3
1377642480,1
1377642840,1
1377643320,1
1377643680,1
1377643800,1
1377644040,2
1377644940,1
1377645300,1
1377645780,1
1377649080,1
1377649500,1
1377651240,2
1377653520,1
1377653700,1
1377654660,1
1377656280,1
1377663180,1
1377665940,1
1377679680,1
1377685560,1
1377687360,2
1377689220,1
1377689340,1
1377690120,1
1377691620,2
1377692340,1
1377692760,1
1377693420,1
1377694380,1
1377694980,1
1377696180,2
1377696360,1
1377697500,1
1377698400,1
1377700080,1
1377700380,1
1377700500,1
1377700740,1
1377701040,1
1377702300,1
1377702840,2
1377703860,1
1377704160,1
1377704700,1
1377704880,1
1377705000,1
1377705360,1
1377705600,1
1377707280,1
1377707820,1
1377711180,1
1377711360,1
1377711660,1
1377714480,1
1377715740,1
1377717240,1
1377717300,1
1377717900,2
1377718560,1
1377719400,1
1377720480,1
1377720900,1
1377722220,1
1377722520,1
1377722820,1
1377723180,1
1377723360,1
1377723600,1
1377724140,2
1377724200,1
1377724320,1
1377724620,1
1377724860,1
1377724920,1
1377726120,1
1377726420,1
1377726600,1
1377726780,2
1377727260,2
1377727380,1
1377727440,1
1377728760,1
1377728940,1
1377729360,1
1377730020,2
1377730740,1
1377731100,2
1377732240,1
1377732840,1
1377733620,1
1377734040,1
1377738540,1
1377742380,1
1377743040,1
1377745560,1
1377746040,1
1377746160,1
1377748320,2
1377751380,1
1377761760,1
1377768360,1
1377768540,1
1377772800,1
1377772920,1
1377773820,1
1377774660,1
1377774780,1
1377776760,1
1377777000,1
1377777480,3
1377777780,1
1377777960,2
1377778320,1
1377778440,1
1377778500,1
1377779520,1
1377779760,1
1377780120,1
1377780660,1
1377780840,1
1377781680,1
1377781800,1
1377782460,1
1377782820,1
1377782940,1
1377783660,1
1377784500,1
1377784800,1
1377785880,1
1377787200,1
1377787920,1
1377787980,1
1377788520,1
1377789060,1
1377790200,1
1377790560,1
1377790740,1
1377791460,2
1377791940,2
1377792120,1
1377792600,1
1377793500,1
1377793980,1
1377794760,1
1377794820,1
1377795180,3
1377795420,1
1377796020,1
1377796260,1
1377796380,1
1377796740,1
1377797520,1
1377798540,1
1377798600,1
1377798900,1
1377799440,1
1377799680,1
1377799860,1
1377800700,1
1377801060,1
1377802440,1
1377802560,1
1377803160,1
1377803280,2
1377803880,1
1377804180,1
1377804540,1
1377804900,1
1377805080,1
1377805380,1
1377805500,2
1377805860,1
1377806220,1
1377808500,1
1377808980,1
1377809640,1
1377809700,1
1377809820,1
1377809940,1
1377810180,1
1377810240,1
1377810480,1
1377810660,1
1377810840,1
1377811020,1
1377811200,2
1377811680,1
1377811800,3
1377812400,1
1377812460,1
1377813360,1
1377814080,1
1377814740,1
1377814920,1
1377814980,1
1377815580,1
1377816060,1
1377816420,1
1377816720,1
1377816780,1
1377817080,1
1377817260,1
1377817740,1
1377817980,1
1377818340,1
1377818820,1
1377819180,2
1377819480,1
1377822180,1
1377822720,1
1377824100,1
1377824160,1
1377826500,1
1377834780,1
1377860340,1
1377862620,1
1377863160,1
1377864480,1
1377865380,1
1377865500,2
1377866100,1
1377866280,1
1377867480,1
1377868320,1
1377869160,2
1377869280,2
1377869460,2
1377869580,2
1377869700,1
1377869760,1
1377870420,1
1377870480,1
1377871380,1
1377872160,1
1377872280,1
1377875160,1
1377876720,2
1377877320,1
1377877680,1
1377878820,1
1377881280,1
1377881820,1
1377883080,1
1377883680,2
1377884940,1
1377885060,1
1377885180,1
1377885480,1
1377885780,1
1377886320,2
1377886800,1
1377887160,1
1377887340,1
1377887400,2
1377887580,1
1377888180,1
1377888480,1
1377889260,3
1377889680,1
1377889860,1
1377890040,2
1377890100,1
1377890220,1
1377890280,1
1377890400,1
1377890760,2
1377891060,2
1377891360,1
1377891480,1
1377891540,1
1377892080,1
1377892920,1
1377893640,2
1377894120,2
1377894300,2
1377894540,2
1377894660,1
1377894960,1
1377895140,2
1377895980,1
1377896100,2
1377896520,1
1377896820,1
1377896940,1
1377897120,1
1377897480,2
1377897540,1
1377897600,1
1377897960,2
1377898260,1
1377898440,2
1377898980,1
1377899160,1
1377899340,1
1377899520,1
1377900060,1
1377900300,1
1377900360,1
1377901140,1
1377901740,1
1377901920,1
1377901980,1
1377902700,1
1377903360,2
1377906480,1
1377906780,2
1377908400,1
1377910320,1
1377912780,1
1377913980,1
1377916440,1
1377921420,1
1377922620,1
1377922740,1
1377925260,1
1377926100,1
1377927660,1
1377928920,1
1377944280,1
1377946440,1
1377949680,1
1377950820,1
1377951480,2
1377952200,2
1377954060,1
1377954960,1
1377955560,1
1377957660,1
1377957900,1
1377958920,1
1377959940,1
1377960060,1
1377960240,1
1377960300,1
1377960360,1
1377960960,1
1377964380,1
1377964860,1
1377967320,1
1377968160,2
1377969120,1
1377969240,1
1377969300,1
1377970080,1
1377971280,2
1377971460,1
1377972120,1
1377972420,1
1377972720,1
1377973020,1
1377973200,1
1377973800,1
1377974580,1
1377974760,1
1377974940,1
1377975660,1
1377975780,1
1377976080,1
1377976680,1
1377977520,2
1377978120,1
1377978300,1
1377979080,1
1377979260,3
1377979800,1
1377980100,1
1377981960,1
1377982080,1
1377982560,1
1377983400,1
1377983760,3
1377984300,1
1377985440,1
1377990240,1
1377990900,1
1377992400,2
1377993180,1
1377993300,2
1377993360,1
1377995700,1
1377995880,1
1378001820,1
1378004280,1
1378006200,1
1378006980,1
1378007460,2
1378007580,1
1378009440,1
1378009560,1
1378014120,1
1378014420,1
1378022160,1
1378023180,1
1378027500,5
1378027620,2
1378027680,2
1378028220,1
1378029660,2
1378029780,2
1378029900,2
1378038480,1
1378042380,1
1378046040,2
1378046640,1
1378048200,1
1378048560,1
1378050120,1
1378050300,1
1378050420,1
1378051080,1
1378051680,2
1378052700,1
1378052940,1
1378053360,2
1378053420,2
1378053960,1
1378054020,1
1378054260,1
1378054500,2
1378056360,1
1378056780,1
1378057020,1
1378060320,1
1378060920,3
1378061940,1
1378062420,1
1378063020,2
1378063320,1
1378063920,1
1378064100,1
1378066200,1
1378067160,2
1378067220,1
1378068240,1
1378068360,1
1378068780,1
1378069020,1
1378069740,1
1378069860,1
1378071600,1
1378071660,1
1378073820,1
1378074900,1
1378075200,1
1378075440,1
1378077180,1
1378077540,1
1378077660,1
1378078320,1
1378084260,1
1378085520,1
1378086120,1
1378089300,1
1378089600,1
1378092240,1
1378092960,1
1378094760,1
1378095180,1
1378096080,1
1378098000,1
1378099260,1
1378099680,1
1378101420,1
1378103160,1
1378103460,1
1378119180,1
1378119300,1
1378121760,1
1378121820,1
1378123140,1
1378128420,1
1378129320,1
1378129440,1
1378129680,1
1378129860,1
1378131960,1
1378133100,2
1378134360,1
1378134540,1
1378134780,1
1378135860,1
1378136160,1
1378137480,1
1378137660,1
1378138740,1
1378138860,1
1378138980,1
1378139940,1
1378140120,1
1378140900,1
1378141380,1
1378141800,1
1378143480,1
1378144200,1
1378145700,1
1378145820,1
1378148160,1
1378148280,1
1378149000,1
1378149300,1
1378151100,1
1378152240,1
1378154100,1
1378155480,1
1378156020,1
1378156560,1
1378157400,1
1378157580,1
1378157820,1
1378158120,1
1378159320,1
1378160220,1
1378160460,1
1378160880,1
1378161300,1
1378161960,1
1378162020,1
1378162200,1
1378162860,1
1378163280,3
1378163940,2
1378164300,2
1378167600,1
1378168800,1
1378172280,1
1378173000,1
1378173120,1
1378173600,1
1378174200,1
1378174860,1
1378175760,1
1378175940,1
1378176360,1
1378176420,1
1378179120,1
1378180320,1
1378181700,1
1378182540,1
1378201980,3
1378202040,3
1378202100,1
1378202340,2
1378202400,2
1378202580,4
1378202700,5
1378202820,2
1378204740,1
1378205640,2
1378205820,2
1378205940,1
1378206180,1
1378206240,1
1378207440,1
1378207560,1
1378207680,1
1378208100,1
1378208340,1
1378208880,2
1378209300,1
1378209420,1
1378209480,1
1378209660,2
1378209900,1
1378210980,1
1378211040,1
1378211340,1
1378211940,1
1378212000,2
1378212960,1
1378213140,1
1378213200,1
1378213680,2
1378213920,1
1378214160,1
1378214700,1
1378214940,1
1378215420,1
1378216200,1
1378216320,1
1378216500,1
1378217040,1
1378218060,1
1378218240,1
1378220640,1
1378221120,1
1378221480,1
1378223460,1
1378223580,1
1378223760,1
1378223880,1
1378224360,1
1378225320,2
1378225440,1
1378225620,1
1378226340,2
1378227060,1
1378227540,1
1378227720,1
1378227960,1
1378228260,1
1378228500,1
1378228860,1
1378229640,2
1378230060,2
1378230300,1
1378230360,1
1378230780,1
1378231140,1
1378231200,1
1378231980,1
1378232460,1
1378232820,1
1378233000,1
1378233420,1
1378234980,1
1378235040,1
1378235520,1
1378235640,1
1378236060,1
1378237020,1
1378237200,1
1378241400,1
1378242240,3
1378242600,1
1378242960,1
1378243020,1
1378243320,1
1378243380,1
1378243440,1
1378243860,1
1378244100,1
1378244520,2
1378244580,1
1378245060,1
1378245900,1
1378245960,1
1378246140,1
1378246440,1
1378248000,1
1378248060,1
1378248300,1
1378248660,1
1378249560,1
1378249680,1
1378249800,1
1378250160,1
1378252440,3
1378252560,1
1378260180,1
1378266180,1
1378266960,1
1378268280,1
1378269420,1
1378277160,1
1378291500,1
1378292280,1
1378292520,1
1378292640,2
1378293960,1
1378294140,1
1378294200,1
1378294620,1
1378295280,1
1378295820,1
1378296300,1
1378296720,1
1378297920,1
1378298100,1
1378298400,1
1378298880,1
1378298940,1
1378299660,2
1378300380,1
1378300860,1
1378301160,1
1378301340,2
1378301580,4
1378301880,2
1378302300,1
1378302840,1
1378303140,1
1378303320,2
1378305420,1
1378305540,1
1378305720,1
1378305960,2
1378306920,2
1378306980,1
1378307160,1
1378307460,1
1378308480,2
1378309020,2
1378309140,1
1378309680,1
1378310340,2
1378312740,1
1378314060,1
1378314360,1
1378314720,2
1378315320,1
1378316340,1
1378316700,1
1378316760,1
1378316940,1
1378317240,2
1378318320,1
1378318440,1
1378319280,1
1378320660,1
1378321020,1
1378321260,1
1378321620,1
1378322820,1
1378323180,1
1378323840,1
1378325280,1
1378325400,1
1378325520,1
1378325700,1
1378325880,1
1378326120,1
1378326480,1
1378326600,1
1378327020,2
1378327440,2
1378328040,2
1378328580,1
1378328700,1
1378329240,2
1378329840,1
1378329960,1
1378330080,2
1378330320,1
1378331160,1
1378331340,2
1378331580,1
1378332180,2
1378334460,1
1378335840,1
1378335900,1
1378337040,1
1378337340,1
1378338960,1
1378339560,1
1378339920,1
1378341240,1
1378341360,2
1378342620,1
1378344120,2
1378345560,1
1378347360,1
1378347840,1
1378348440,1
1378349400,1
1378350000,1
1378350420,1
1378350720,1
1378357860,1
1378357980,1
1378360620,1
1378363860,1
1378377300,1
1378379160,1
1378380180,1
1378380240,1
1378380360,1
1378381020,1
1378381140,1
1378381260,2
1378381320,1
1378381440,1
1378381560,1
1378382160,1
1378382400,1
1378382520,1
1378383060,1
1378383480,1
1378383600,1
1378383900,1
1378384200,1
1378384320,1
1378384440,1
1378384980,1
1378385460,1
1378385880,1
1378386360,1
1378387200,1
1378387740,1
1378388640,1
1378389120,1
1378389600,1
1378393380,1
1378393620,2
1378394340,1
1378394700,1
1378395000,1
1378395180,1
1378395840,1
1378396620,1
1378397580,1
1378397820,1
1378398840,1
1378399440,1
1378399620,1
1378399860,1
1378400340,1
1378400700,2
1378401240,1
1378402140,1
1378402740,1
1378403040,1
1378403460,2
1378403520,1
1378403580,1
1378403940,2
1378404720,1
1378404840,1
1378405740,1
1378405920,1
1378405980,1
1378406520,1
1378407420,3
1378407540,2
1378407780,1
1378408020,1
1378408680,1
1378408980,1
1378409220,1
1378409580,1
1378409700,1
1378410060,1
1378410780,1
1378411200,1
1378411560,2
1378412580,3
1378413180,1
1378413480,1
1378413600,1
1378413720,1
1378413900,1
1378413960,1
1378414380,2
1378414620,2
1378414980,1
1378415340,1
1378415580,1
1378415940,2
1378416000,1
1378416300,1
1378417380,2
1378418160,1
1378418280,2
1378418400,1
1378418640,1
1378418760,1
1378419240,1
1378419600,1
1378420260,1
1378420440,1
1378420800,1
1378420920,1
1378421520,1
1378421640,1
1378421940,2
1378422420,2
1378422720,1
1378423200,1
1378423560,1
1378424220,1
1378424400,1
1378425240,1
1378426320,1
1378426380,1
1378427340,2
1378427640,2
1378428360,1
1378428600,1
1378429140,1
1378430340,1
1378430820,1
1378431000,1
1378432140,1
1378433100,1
1378433340,1
1378434060,1
1378434240,1
1378434540,1
1378434600,1
1378438980,1
1378439340,1
1378442160,1
1378461780,1
1378465320,1
1378466040,2
1378466400,1
1378467360,1
1378467960,1
1378468800,1
1378469040,1
1378469880,1
1378470600,2
1378470720,2
1378471020,3
1378471800,1
1378472340,1
1378472580,1
1378472700,2
1378473000,1
1378475100,1
1378475520,1
1378475880,1
1378476480,1
1378476660,2
1378477620,1
1378478160,1
1378478640,1
1378479300,1
1378480560,1
1378482840,1
1378482960,1
1378483020,1
1378483380,1
1378483800,1
1378485900,1
1378486440,1
1378486560,2
1378487220,1
1378487340,3
1378487640,1
1378489200,1
1378489620,1
1378489800,1
1378489980,1
1378490160,1
1378490220,2
1378490640,1
1378490700,1
1378491720,1
1378492020,3
1378492140,1
1378492260,1
1378492800,2
1378492980,1
1378493400,2
1378493520,1
1378493940,1
1378495320,2
1378496040,1
1378496280,1
1378496760,3
1378497000,1
1378497840,1
1378498080,1
1378498380,1
1378498440,1
1378499220,2
1378499760,2
1378500300,1
1378500480,1
1378500720,1
1378501200,2
1378501440,2
1378501560,1
1378501740,1
1378501980,1
1378502220,1
1378502940,1
1378503240,1
1378503360,1
1378503600,1
1378503660,3
1378503840,4
1378504500,2
1378504560,1
1378504920,1
1378505100,1
1378505280,2
1378505400,1
1378505580,1
1378506180,1
1378506360,2
1378507800,1
1378508820,1
1378509360,1
1378509540,1
1378511040,1
1378511820,1
1378512000,1
1378512240,1
1378513560,1
1378514400,1
1378514580,1
1378514820,1
1378517760,1
1378523100,1
1378523340,1
1378524480,1
1378526100,1
1378526160,1
1378526640,1
1378526700,1
1378526940,1
1378527420,1
1378528680,1
1378528740,1
1378531320,1
1378531920,2
1378534800,1
1378535160,1
1378553160,1
1378553760,1
1378554780,1
1378555740,1
1378555860,1
1378557240,1
1378558020,1
1378558080,1
1378560360,1
1378560780,1
1378561680,1
1378562580,1
1378562760,2
1378563960,1
1378564560,2
1378565100,1
1378568280,1
1378569120,3
1378569240,1
1378569600,1
1378572180,1
1378572480,3
1378572540,1
1378573260,1
1378573620,1
1378573740,1
1378573920,1
1378574160,3
1378574820,2
1378576020,1
1378576140,1
1378576320,1
1378576380,1
1378577160,1
1378578360,1
1378579620,1
1378579860,1
1378579980,1
1378581900,2
1378582080,1
1378582500,1
1378582620,1
1378582800,2
1378583220,1
1378583520,1
1378584540,1
1378584660,3
1378584840,3
1378586280,1
1378586820,1
1378586880,1
1378587240,1
1378588980,1
1378589220,1
1378589340,1
1378589820,1
1378590240,1
1378590900,1
1378591860,2
1378592100,1
1378592940,1
1378593720,1
1378594500,3
1378595340,1
1378595940,2
1378596540,2
1378596840,1
1378597860,1
1378598880,1
1378599000,1
1378599360,1
1378599720,1
1378600500,2
1378602960,1
1378603380,1
1378605960,1
1378606080,1
1378607280,1
1378608840,1
1378610280,1
1378611720,1
1378612680,1
1378616220,1
1378641480,1
1378643520,2
1378643580,1
1378644600,1
1378644720,1
1378644780,1
1378645260,1
1378646940,1
1378647060,1
1378647480,2
1378648260,1
1378649340,1
1378651740,1
1378652760,1
1378652940,2
1378653960,2
1378654560,1
1378654980,2
1378655880,2
1378657320,2
1378657380,1
1378657620,1
1378658640,1
1378658700,2
1378659420,1
1378659600,1
1378660080,1
1378661520,1
1378662540,1
1378664880,1
1378666200,1
1378666740,1
1378670280,2
1378670760,1
1378671360,1
1378671420,1
1378672560,1
1378672740,1
1378673220,1
1378673940,1
1378676400,1
1378677780,2
1378677960,1
1378680480,1
1378680600,1
1378681140,1
1378681500,1
1378681740,2
1378682160,1
1378683000,1
1378683300,1
1378683660,1
1378684200,1
1378684800,1
1378684920,1
1378685940,1
1378687980,1
1378688340,1
1378689600,2
1378689780,2
1378690320,1
1378690560,1
1378690680,1
1378691220,1
1378694460,1
1378701900,1
1378702020,1
1378711860,1
1378723200,1
1378724220,1
1378725540,3
1378725780,2
1378725900,2
1378726020,3
1378726140,1
1378726200,2
1378726380,2
1378727100,1
1378727400,1
1378728300,1
1378728480,1
1378728840,1
1378729980,2
1378730520,1
1378731420,1
1378731540,1
1378731780,1
1378733100,1
1378733280,3
1378733340,2
1378733940,1
1378734060,2
1378734180,1
1378734360,1
1378736340,1
1378736820,1
1378736940,2
1378737000,1
1378737180,2
1378737240,1
1378737660,1
1378738740,1
1378738920,1
1378739160,1
1378740180,1
1378740300,1
1378741740,1
1378744560,1
1378745040,1
1378745100,1
1378745460,1
1378746360,2
1378747500,1
1378747800,1
1378747860,1
1378748640,1
1378748820,1
1378749240,1
1378749480,1
1378750020,1
1378750500,1
1378750620,1
1378751340,1
1378751580,1
1378751820,1
1378752120,1
1378754040,1
1378755780,1
1378757100,1
1378758120,1
1378758300,1
1378758540,2
1378758660,2
1378759200,1
1378759920,2
1378759980,1
1378760160,2
1378760400,1
1378760520,1
1378760760,1
1378761120,1
1378761300,2
1378761480,1
1378761540,2
1378761660,1
1378762080,1
1378762380,1
1378763460,1
1378764000,1
1378764120,1
1378764240,1
1378764780,1
1378765020,1
1378765440,1
1378765560,1
1378765860,1
1378767000,1
1378769040,1
1378769160,1
1378769640,1
1378769820,1
1378770600,1
1378770720,1
1378771680,1
1378772220,1
1378773000,1
1378773060,1
1378773540,1
1378773960,1
1378776000,1
1378776540,1
1378778100,1
1378778280,1
1378778760,1
1378779480,1
1378782360,1
1378782540,1
1378783920,1
1378791840,1
1378809360,1
1378810560,1
1378811940,3
1378812000,1
1378813260,1
1378813680,1
1378813920,1
1378814340,1
1378814520,2
1378814880,1
1378815300,1
1378815840,1
1378815960,1
1378816680,1
1378817220,1
1378817460,1
1378817520,1
1378817940,1
1378818540,1
1378818660,1
1378819380,2
1378819500,3
1378820640,1
1378821660,1
1378822560,1
1378822980,1
1378825200,1
1378825620,1
1378826340,2
1378826520,1
1378827240,1
1378827480,1
1378827720,1
1378827780,1
1378828800,1
1378828920,1
1378829460,1
1378830360,2
1378830780,1
1378831020,1
1378831140,1
1378831200,1
1378831500,1
1378832220,1
1378832280,1
1378832340,1
1378832700,2
1378833000,1
1378834440,1
1378835100,1
1378835400,2
1378836180,1
1378836960,1
1378837380,1
1378839120,1
1378839180,2
1378839840,3
1378840020,1
1378840140,2
1378840260,3
1378840320,2
1378840380,3
1378840560,4
1378840620,1
1378840980,3
1378841460,3
1378842420,1
1378843080,1
1378843380,1
1378844340,1
1378844640,2
1378845120,1
1378845360,2
1378845480,1
1378845660,1
1378845900,1
1378846260,1
1378846440,2
1378847520,1
1378847700,3
1378847820,1
1378848060,1
1378848180,1
1378848240,1
1378848480,1
1378848540,1
1378848900,1
1378849020,1
1378849140,1
1378849320,2
1378850280,1
1378850400,1
1378850940,1
1378851180,1
1378851540,1
1378851720,1
1378852080,1
1378853580,1
1378853700,2
1378853880,1
1378854720,1
1378855020,1
1378855740,1
1378856880,1
1378858440,1
1378858500,1
1378858740,1
1378863180,3
1378864020,1
1378864260,1
1378868100,1
1378868760,1
1378869780,1
1378871400,1
1378872840,1
1378872960,1
1378873920,2
1378875840,1
1378895640,1
1378897020,1
1378897440,1
1378897500,1
1378897680,2
1378898280,1
1378898460,1
1378899060,1
1378899300,1
1378901040,1
1378901580,1
1378902540,1
1378903020,1
1378903440,1
1378903920,1
1378904580,1
1378904640,1
1378904760,1
1378904820,1
1378905180,2
1378905300,3
1378905360,1
1378905600,1
1378905720,2
1378906440,1
1378906740,1
1378906920,1
1378907160,1
1378907280,1
1378907400,1
1378907520,1
1378909020,1
1378909500,2
1378909620,1
1378910340,3
1378910640,1
1378910880,1
1378912080,1
1378912560,1
1378912860,1
1378913160,2
1378913580,1
1378913940,1
1378914180,1
1378914540,1
1378915020,1
1378917000,2
1378917180,2
1378917360,1
1378918800,1
1378919460,1
1378920120,2
1378920240,1
1378920720,1
1378921140,1
1378921320,1
1378922640,1
1378923900,2
1378924260,1
1378924680,1
1378924740,1
1378925100,1
1378925220,1
1378925820,1
1378926000,1
1378926240,1
1378928340,1
1378930140,1
1378930200,1
1378930440,1
1378930800,2
1378931640,1
1378932060,1
1378932240,2
1378933080,2
1378933440,1
1378933560,1
1378933800,1
1378933860,2
1378934280,1
1378934400,2
1378935240,2
1378935420,1
1378935840,1
1378936260,1
1378936560,1
1378936980,1
1378937340,1
1378937640,2
1378938180,1
1378938300,3
1378938420,1
1378938720,1
1378939020,1
1378939380,1
1378940760,3
1378941780,1
1378943100,1
1378943280,2
1378943640,1
1378944480,1
1378944660,1
1378945080,1
1378945260,1
1378945560,2
1378945740,1
1378945800,1
1378948320,1
1378948500,1
1378949280,1
1378951980,1
1378952520,1
1378957080,1
1378957740,1
1378960080,1
1378964700,1
1378964820,2
1378964940,1
1378967220,1
1378967400,1
1378980600,1
1378982220,1
1378982280,1
1378982640,1
1378983540,1
1378984740,1
1378985640,1
1378986240,1
1378987020,1
1378987380,1
1378988280,1
1378988460,1
1378989180,1
1378989480,1
1378989780,1
1378989900,1
1378990740,2
1378993200,1
1378993320,1
1378993380,2
1378993860,1
1378994460,1
1378994640,1
1378994760,2
1378995720,1
1378996200,1
1378997640,1
1378998000,1
1378999500,1
1379000820,1
1379001360,2
1379002080,2
1379002800,1
1379002980,4
1379003700,1
1379003820,2
1379004720,1
1379005080,1
1379005260,1
1379007300,1
1379007420,1
1379007840,1
1379007900,1
1379007960,1
1379008380,1
1379008560,1
1379009640,1
1379010420,1
1379010600,2
1379011080,1
1379012040,1
1379012700,1
1379012760,1
1379013060,1
1379013120,1
1379014020,1
1379014200,1
1379015220,1
1379015340,1
1379017200,1
1379017920,1
1379018760,1
1379018880,1
1379019000,1
1379019120,2
1379019660,1
1379019780,1
1379020020,1
1379020140,2
1379020260,1
1379020560,1
1379020680,4
1379022360,1
1379022660,2
1379023200,1
1379023860,2
1379025000,1
1379025660,1
1379026080,1
1379026140,1
1379026500,1
1379026560,1
1379026860,1
1379026980,1
1379027280,1
1379027520,1
1379027760,1
1379034780,2
1379035740,1
1379038560,1
1379038740,1
1379039280,2
1379042340,1
1379045580,1
1379046060,1
1379046240,1
1379065020,1
1379069160,2
1379070540,1
1379070720,1
1379071560,1
1379071620,1
1379071860,1
1379072820,1
1379072940,1
1379074080,1
1379075220,1
1379075340,1
1379075460,1
1379075520,1
1379076000,1
1379076300,1
1379076840,1
1379076900,4
1379077020,3
1379077260,1
1379077560,1
1379077680,1
1379078160,2
1379078460,1
1379078760,1
1379079960,1
1379080140,1
1379080380,1
1379083500,1
1379084280,1
1379084520,1
1379084880,1
1379085720,1
1379086380,1
1379086980,2
1379087280,1
1379088060,2
1379088660,1
1379089020,1
1379089140,1
1379089500,1
1379089920,1
1379090820,1
1379090940,1
1379091120,1
1379091240,1
1379091840,1
1379092680,1
1379092920,2
1379093160,1
1379093400,2
1379093520,1
1379094360,1
1379094480,1
1379094960,2
1379095200,1
1379095320,1
1379095620,1
1379095800,1
1379097540,1
1379098380,1
1379098920,1
1379099520,2
1379100000,1
1379100420,1
1379100960,1
1379101320,1
1379101620,1
1379102280,1
1379102520,1
1379103180,1
1379103240,1
1379103480,1
1379103660,1
1379103780,1
1379103900,1
1379104020,1
1379104200,1
1379104500,1
1379104620,2
1379104680,1
1379104980,1
1379105100,1
1379105160,2
1379105520,1
1379105760,2
1379106240,1
1379106300,1
1379106360,1
1379106540,1
1379106600,1
1379106720,1
1379107020,1
1379107140,1
1379107500,1
1379108940,1
1379109240,1
1379109840,1
1379110140,1
1379111040,1
1379111220,1
1379111460,1
1379112360,1
1379112720,1
1379113500,1
1379113740,1
1379113980,2
1379115360,1
1379117640,1
1379118660,1
1379118780,1
1379119080,2
1379119500,2
1379120280,2
1379120400,1
1379122560,1
1379123280,1
1379123460,1
1379124060,1
1379124840,1
1379125020,1
1379127240,1
1379127300,1
1379128380,1
1379128800,1
1379131320,1
1379143860,1
1379154840,1
1379155860,1
1379158080,1
1379163300,1
1379163660,1
1379164740,1
1379165460,1
1379166900,1
1379167020,1
1379167200,1
1379167380,1
1379170740,1
1379170860,1
1379171760,1
1379172180,1
1379172840,1
1379173500,1
1379174160,1
1379174340,1
1379174460,1
1379175060,1
1379175360,3
1379175720,1
1379176380,1
1379176740,1
1379176920,1
1379177280,1
1379178000,2
1379178300,1
1379178360,1
1379178900,1
1379179260,2
1379180880,1
1379181060,1
1379181240,1
1379181540,1
1379183460,1
1379183580,1
1379184420,1
1379185260,1
1379185740,2
1379186580,1
1379188800,2
1379189100,1
1379189340,1
1379189400,1
1379189640,1
1379190120,2
1379190420,1
1379190840,1
1379191320,1
1379191500,1
1379191920,1
1379192520,1
1379192820,1
1379192880,1
1379193240,2
1379195280,1
1379195460,1
1379196420,1
1379197500,1
1379197860,2
1379198520,1
1379199000,3
1379199420,1
1379199780,1
1379199900,1
1379200680,1
1379200740,1
1379200860,2
1379201160,1
1379202960,2
1379203080,1
1379204280,1
1379204460,1
1379210100,3
1379210340,2
1379210580,1
1379210700,2
1379210940,1
1379211120,1
1379213280,1
1379215020,1
1379215980,1
1379218200,1
1379218500,1
1379245380,1
1379245980,1
1379249400,1
1379249520,1
1379251140,1
1379252220,1
1379253600,1
1379255400,1
1379255880,1
1379256540,1
1379256720,1
1379256900,1
1379257020,1
1379259420,1
1379259960,1
1379260320,1
1379261100,1
1379261160,1
1379261220,1
1379263020,1
1379263380,1
1379263680,1
1379264280,1
1379264700,1
1379265120,1
1379269320,1
1379269440,1
1379269860,2
1379269920,1
1379271900,1
1379272020,1
1379273220,2
1379273580,2
1379274240,1
1379274960,3
1379275860,2
1379277540,1
1379277660,1
1379277780,1
1379278380,1
1379278440,1
1379278920,2
1379279040,1
1379279760,2
1379279820,1
1379280540,1
1379280960,1
1379282700,1
1379283660,2
1379284020,1
1379284380,1
1379285220,1
1379285460,1
1379287200,1
1379289720,1
1379290440,1
1379290500,1
1379290860,1
1379291880,1
1379292180,1
1379293920,1
1379294580,1
1379296560,1
1379297160,1
1379297460,1
1379298420,1
1379298720,1
1379299500,1
1379300880,1
1379301180,1
1379301300,3
1379301420,1
1379301480,1
1379303760,1
1379305680,1
1379316600,1
1379328000,1
1379328960,2
1379329260,1
1379329380,1
1379329920,1
1379330100,1
1379330700,1
1379330760,3
1379330880,1
1379332320,1
1379335980,1
1379336040,1
1379336280,1
1379336700,1
1379336880,1
1379337120,1
1379337240,1
1379337360,1
1379337480,1
1379338620,1
1379338740,1
1379340900,1
1379341020,1
1379341800,1
1379341860,3
1379342100,2
1379342520,1
1379343420,2
1379343600,1
1379345220,1
1379345280,1
1379346060,1
1379346240,1
1379347920,1
1379348040,1
1379348400,1
1379348580,1
1379348880,1
1379349180,1
1379350020,1
1379350140,1
1379350740,1
1379351100,2
1379351160,1
1379351220,1
1379351640,1
1379352780,1
1379353140,1
1379353380,1
1379353440,1
1379353680,1
1379353980,2
1379354760,1
1379357220,1
1379357520,1
1379358180,1
1379358240,1
1379359020,1
1379359080,1
1379359200,1
1379359380,1
1379359680,2
1379361720,1
1379362800,1
1379363160,1
1379363520,1
1379363760,1
1379364360,1
1379364960,1
1379365020,1
1379365500,3
1379365680,1
1379366040,1
1379366760,1
1379367000,1
1379367360,1
1379367540,1
1379368080,1
1379368260,1
1379368380,1
1379368560,1
1379369100,1
1379369280,3
1379370000,1
1379375040,1
1379375880,1
1379376900,1
1379377080,1
1379377200,1
1379381880,1
1379382720,1
1379383920,1
1379385120,1
1379385720,1
1379385840,1
1379386380,1
1379386800,1
1379389740,1
1379390580,1
1379414700,1
1379414880,1
1379415900,1
1379416440,1
1379417040,1
1379417280,2
1379417400,1
1379417760,1
1379420100,1
1379420280,1
1379420520,1
1379420640,1
1379420880,2
1379421420,2
1379421720,1
1379421780,1
1379422200,1
1379422380,1
1379422440,1
1379422860,2
1379422980,1
1379423520,1
1379424240,1
1379424600,1
1379424660,1
1379424720,1
1379425080,1
1379426520,1
1379426880,1
1379427300,1
1379427540,1
1379428740,1
1379429340,1
1379429520,1
1379429940,1
1379431380,1
1379432700,1
1379433120,1
1379434560,1
1379434680,1
1379434920,1
1379435280,1
1379435700,1
1379435880,3
1379436480,2
1379436540,2
1379436660,1
1379436840,1
1379437740,1
1379437920,2
1379438220,1
1379438700,2
1379438820,2
1379439180,1
1379439780,1
1379439960,1
1379440260,1
1379440380,1
1379440680,4
1379440860,1
1379441220,1
1379441400,1
1379441580,1
1379441640,1
1379441760,1
1379441940,1
1379442180,1
1379442300,1
1379442420,1
1379442480,1
1379442600,1
1379442840,1
1379443260,1
1379443380,1
1379443440,1
1379444760,1
1379445120,2
1379445240,1
1379445720,1
1379446560,2
1379447040,1
1379447280,2
1379447460,2
1379447880,2
1379448360,1
1379448600,1
1379448960,1
1379449140,1
1379449920,1
1379450280,1
1379450820,1
1379451600,1
1379452080,1
1379452380,1
1379453220,2
1379453400,1
1379453460,1
1379453580,1
1379453880,2
1379454000,1
1379454180,1
1379454840,3
1379454900,1
1379455080,1
1379455140,1
1379455380,1
1379455620,1
1379455680,1
1379455800,2
1379455860,3
1379455920,2
1379456100,1
1379456160,1
1379456460,1
1379456580,3
1379456880,2
1379457060,1
1379457240,3
1379457420,2
1379457720,2
1379457960,1
1379458260,1
1379458860,1
1379458980,1
1379460420,1
1379460540,1
1379461440,1
1379461620,1
1379461860,1
1379462160,1
1379462640,1
1379463360,1
1379465340,3
1379465580,1
1379465700,1
1379465820,1
1379466540,2
1379467320,1
1379468340,2
1379468520,1
1379470680,1
1379472960,2
1379474520,1
1379474880,1
1379475000,1
1379501340,1
1379501760,1
1379501880,1
1379502240,1
1379502300,1
1379503380,1
1379503500,3
1379503560,1
1379503800,1
1379503920,1
1379504160,1
1379504520,1
1379505360,1
1379505840,1
1379506980,1
1379508600,2
1379509140,1
1379509440,1
1379509560,1
1379509800,1
1379510040,1
1379511120,1
1379511300,2
1379512680,1
1379513100,1
1379513580,1
1379514360,1
1379514420,1
1379514780,1
1379514840,1
1379515080,1
1379515680,1
1379515740,2
1379515860,1
1379516040,1
1379517840,1
1379517900,1
1379517960,1
1379519640,1
1379521320,2
1379521800,1
1379523480,1
1379524380,1
1379524440,2
1379525580,1
1379525700,1
1379526600,1
1379526660,1
1379527620,1
1379529180,1
1379529780,1
1379530260,1
1379530620,2
1379530680,2
1379530740,1
1379531340,1
1379531880,1
1379532420,1
1379532480,1
1379532600,1
1379534040,1
1379534280,1
1379534400,1
1379535180,1
1379535600,1
1379536080,1
1379536500,1
1379537700,1
1379538540,1
1379538780,1
1379538960,1
1379539200,1
1379539560,1
1379539800,1
1379540280,1
1379540760,1
1379541240,1
1379541600,1
1379541960,1
1379542200,1
1379543700,1
1379544060,1
1379544600,1
1379544900,1
1379546040,1
1379546280,1
1379546460,1
1379546580,1
1379546880,1
1379547120,1
1379547240,1
1379547960,1
1379549520,1
1379553060,1
1379554080,1
1379554560,1
1379557860,1
1379558160,1
1379558400,1
1379560140,1
1379562120,1
1379562780,1
1379563200,4
1379563920,1
1379564820,1
1379566680,1
1379568060,1
1379569680,1
1379570760,1
1379586900,1
1379587140,1
1379588760,1
1379589780,1
1379589960,1
1379590080,3
1379590200,1
1379590560,1
1379590680,1
1379590980,1
1379591220,1
1379591400,3
1379591640,2
1379591880,1
1379592600,1
1379592780,1
1379592900,1
1379593620,1
1379593920,1
1379594220,1
1379594340,2
1379594460,1
1379594880,1
1379594940,1
1379595120,1
1379595420,1
1379595540,1
1379596140,1
1379596740,1
1379597220,1
1379597700,1
1379598540,1
1379598660,1
1379599560,1
1379600100,1
1379601060,1
1379602200,1
1379602980,1
1379603520,1
1379603940,2
1379604000,1
1379604420,1
1379604960,1
1379605140,1
1379606220,1
1379606580,1
1379606640,1
1379607300,1
1379607480,1
1379607840,1
1379608260,1
1379608380,1
1379609100,1
1379609280,1
1379609400,1
1379609520,1
1379609820,2
1379610300,1
1379611080,1
1379611140,1
1379611260,1
1379611860,1
1379612100,1
1379612160,1
1379612220,3
1379612280,1
1379612700,1
1379612820,2
1379613120,1
1379613360,1
1379613660,2
1379613780,1
1379614560,1
1379614860,1
1379616120,1
1379616540,1
1379616780,1
1379617380,1
1379617440,1
1379618220,1
1379619000,1
1379619300,1
1379619780,1
1379623560,1
1379623800,1
1379624220,2
1379624340,2
1379624640,3
1379624760,3
1379625000,1
1379625060,2
1379625240,1
1379625540,1
1379625600,1
1379626320,1
1379627040,1
1379627640,1
1379628240,1
1379629020,1
1379630100,2
1379630700,1
1379632080,1
1379633160,1
1379633220,1
1379633460,1
1379636220,1
1379636760,1
1379637000,1
1379637180,1
1379638020,1
1379638200,1
1379639580,1
1379639880,1
1379640300,1
1379640480,1
1379640840,1
1379642520,2
1379644560,1
1379644680,1
1379644740,1
1379646540,1
1379674440,1
1379674620,1
1379674740,1
1379675220,1
1379675940,1
1379676840,1
1379677560,1
1379677860,1
1379678040,1
1379678100,1
1379678520,2
1379678940,1
1379679480,1
1379679840,1
1379680560,1
1379681040,1
1379681100,1
1379681280,1
1379681580,1
1379681880,1
1379682600,1
1379682960,1
1379683680,1
1379684580,1
1379684880,1
1379685240,1
1379685480,2
1379685660,1
1379686260,2
1379686560,1
1379687580,1
1379688000,1
1379688180,1
1379688960,1
1379689440,1
1379690040,1
1379690220,1
1379691180,2
1379691300,1
1379691360,1
1379691600,1
1379691900,1
1379693220,1
1379693640,2
1379693820,1
1379693940,1
1379694480,1
1379694600,1
1379695080,1
1379695200,1
1379695260,1
1379695320,1
1379695620,1
1379695920,1
1379697240,1
1379698380,1
1379698440,1
1379698500,1
1379698740,1
1379699100,1
1379699280,2
1379700120,2
1379700300,1
1379700420,1
1379700840,1
1379700960,1
1379701500,1
1379702520,1
1379702820,1
1379703780,1
1379703900,1
1379704260,3
1379705700,1
1379707140,2
1379707860,1
1379708040,2
1379708160,2
1379708760,1
1379709120,1
1379709360,1
1379709900,1
1379710440,1
1379710800,1
1379711040,1
1379711220,1
1379711400,2
1379711580,2
1379711640,1
1379711940,1
1379712000,1
1379712180,1
1379712240,2
1379712360,1
1379712420,1
1379712600,1
1379712840,1
1379713200,1
1379713260,1
1379713500,1
1379713680,1
1379713860,1
1379714160,1
1379714880,1
1379715120,1
1379715240,1
1379716080,1
1379716500,1
1379716560,1
1379717040,1
1379717100,2
1379718300,1
1379720040,1
1379720280,1
1379722020,1
1379722200,1
1379723580,1
1379724060,1
1379724180,1
1379724600,1
1379724780,1
1379725440,2
1379727540,1
1379728860,1
1379730360,1
1379730840,1
1379730900,1
1379733240,1
1379733360,2
1379734560,1
1379735220,1
1379737440,1
1379761800,1
1379762520,1
1379762700,1
1379767860,1
1379769180,1
1379769540,1
1379770020,1
1379770680,1
1379771220,1
1379771460,1
1379773800,1
1379773920,2
1379774160,1
1379776560,1
1379776620,1
1379776860,1
1379777340,1
1379777700,1
1379778720,1
1379778900,2
1379779080,1
1379781180,1
1379781600,1
1379781660,1
1379781720,2
1379782080,1
1379782560,1
1379783580,1
1379783880,2
1379784960,1
1379785080,1
1379785560,3
1379785680,1
1379785800,1
1379786580,1
1379786760,1
1379787360,1
1379788080,1
1379788620,1
1379788860,1
1379789520,1
1379789880,1
1379792100,1
1379793300,1
1379794500,1
1379796240,1
1379797260,1
1379797800,1
1379798880,1
1379798940,2
1379799540,2
1379800320,1
1379801160,1
1379801940,1
1379802180,1
1379802300,1
1379802420,1
1379802540,2
1379803860,1
1379804520,1
1379805480,1
1379805780,1
1379805900,1
1379806020,1
1379808540,1
1379808900,1
1379809200,1
1379809260,2
1379809620,1
1379809860,1
1379810220,1
1379811720,1
1379812500,1
1379820540,1
1379826540,1
1379847900,1
1379856900,2
1379857320,2
1379857560,1
1379857980,1
1379858100,1
1379859480,1
1379859840,1
1379860680,1
1379861040,1
1379862120,1
1379862720,2
1379862780,2
1379864100,1
1379865360,1
1379865600,1
1379866380,1
1379867820,1
1379868060,1
1379868180,2
1379868480,1
1379868660,1
1379869320,2
1379869620,1
1379870220,1
1379870580,1
1379870820,1
1379872260,1
1379872440,1
1379872620,1
1379873580,1
1379873700,2
1379873820,2
1379874780,1
1379876100,1
1379876280,2
1379876640,1
1379878080,1
1379879220,1
1379879280,2
1379881080,1
1379881740,2
1379881800,1
1379881920,1
1379882100,2
1379882460,1
1379882880,1
1379883060,1
1379883240,1
1379883300,1
1379883660,1
1379884620,1
1379885580,2
1379886720,1
1379886900,2
1379889000,1
1379889300,2
1379889480,1
1379889660,1
1379890260,1
1379892420,1
1379894820,1
1379894940,1
1379898180,1
1379899440,1
1379900580,1
1379901180,1
1379902260,1
1379903340,1
1379913660,1
1379914920,1
1379928600,1
1379932800,2
1379933220,1
1379933700,1
1379934480,1
1379936280,1
1379936520,2
1379936700,1
1379937420,2
1379937720,1
1379937780,1
1379939160,2
1379940120,1
1379940540,3
1379940900,1
1379941860,1
1379941920,1
1379942100,1
1379942160,1
1379942340,1
1379943300,1
1379943480,3
1379944200,1
1379944320,1
1379944560,1
1379945460,1
1379945880,1
1379946240,2
1379947320,1
1379947620,1
1379947680,1
1379948100,1
1379948340,1
1379948400,1
1379948880,1
1379949360,1
1379949720,2
1379949780,1
1379950500,1
1379950860,1
1379951040,1
1379951220,1
1379951880,1
1379952180,1
1379952420,1
1379953080,1
1379953800,1
1379954280,1
1379954820,1
1379955060,1
1379956260,1
1379956800,1
1379956980,2
1379957280,1
1379957400,1
1379957760,1
1379958900,1
1379959140,1
1379959260,1
1379959680,1
1379959920,1
1379960340,1
1379961360,1
1379961540,1
1379961780,1
1379964300,1
1379964480,1
1379964900,1
1379965440,1
1379965740,1
1379966160,1
1379967060,2
1379967660,1
1379968200,1
1379968320,2
1379968440,1
1379968800,2
1379968980,1
1379969040,1
1379969820,1
1379970180,1
1379970360,1
1379970660,1
1379970780,1
1379971740,1
1379972460,1
1379972700,1
1379973360,1
1379973480,1
1379973720,1
1379974140,1
1379974680,1
1379975040,1
1379975280,2
1379976000,1
1379977320,1
1379978100,1
1379978460,1
1379978580,1
1379978640,1
1379979540,1
1379980020,1
1379980440,1
1379980800,1
1379980920,1
1379981100,1
1379981460,1
1379982480,1
1379983560,1
1379983860,1
1379984700,1
1379988660,1
1379991000,1
1379995380,1
1379998500,1
1380015660,1
1380018960,1
1380019440,2
1380019560,2
1380020340,1
1380020700,1
1380020820,1
1380023760,1
1380025020,1
1380025080,1
1380025140,1
1380025500,1
1380025980,1
1380026160,1
1380028020,1
1380028740,1
1380029040,2
1380029700,1
1380029940,1
1380030120,1
1380031020,1
1380031320,1
1380031380,1
1380031500,1
1380032040,1
1380032760,1
1380033120,1
1380035400,1
1380036300,2
1380037380,1
1380037500,2
1380037680,1
1380037920,1
1380038460,1
1380039960,2
1380040260,1
1380040320,1
1380040440,1
1380040680,1
1380040980,1
1380041160,1
1380041700,1
1380042240,1
1380042660,1
1380043380,1
1380043920,4
1380045120,1
1380045300,1
1380046860,1
1380046920,1
1380047100,2
1380047640,1
1380047820,1
1380047880,1
1380048060,1
1380049200,1
1380049260,1
1380049440,1
1380051300,1
1380052080,1
1380053340,3
1380054120,1
1380054480,1
1380054540,1
1380056160,1
1380057120,2
1380057840,1
1380058080,2
1380058200,2
1380058260,1
1380058440,1
1380058620,1
1380059340,1
1380059880,1
1380060420,2
1380061740,1
1380061980,1
1380062760,1
1380064980,1
1380065100,1
1380065280,1
1380065940,2
1380066060,2
1380066240,1
1380066780,1
1380067200,1
1380067800,1
1380068160,1
1380068820,1
1380070740,1
1380071040,1
1380074220,1
1380075120,1
1380075660,2
1380075900,1
1380076020,1
1380076260,1
1380077400,1
1380082680,1
1380087480,1
1380104280,1
1380104880,1
1380106560,1
1380106800,1
1380106920,1
1380107700,1
1380108300,1
1380110160,1
1380111600,1
1380112680,1
1380113340,1
1380113580,2
1380113760,2
1380113820,1
1380114540,1
1380114780,1
1380115680,1
1380115980,2
1380116160,1
1380117360,1
1380117660,1
1380118320,1
1380118680,1
1380119220,1
1380119400,1
1380119580,1
1380119700,1
1380120660,1
1380121260,1
1380122280,1
1380124200,1
1380125580,1
1380126000,1
1380126180,1
1380126420,1
1380126780,1
1380127020,1
1380127080,2
1380127740,2
1380128400,1
1380128760,1
1380129300,1
1380129540,1
1380131580,2
1380131820,1
1380132420,2
1380133020,1
1380133080,1
1380133740,1
1380134340,1
1380134460,1
1380135480,1
1380135960,2
1380136500,1
1380136860,1
1380137160,1
1380137940,1
1380138120,1
1380138720,2
1380139200,1
1380139620,1
1380139800,1
1380140040,1
1380140160,3
1380140640,1
1380141180,1
1380141360,1
1380141540,1
1380141900,1
1380143280,1
1380143700,1
1380143880,1
1380144180,1
1380144360,1
1380144420,1
1380144660,1
1380145620,1
1380146280,1
1380146340,1
1380146640,1
1380147000,1
1380147540,3
1380148980,1
1380149400,1
1380150000,1
1380150600,1
1380151020,1
1380151080,1
1380152280,1
1380153300,1
1380155220,2
1380155280,1
1380156000,1
1380156180,1
1380158160,1
1380161880,1
1380162360,1
1380162660,1
1380162720,1
1380164340,1
1380184440,1
1380188520,1
1380190920,1
1380191760,1
1380192720,1
1380194460,1
1380195060,1
1380195120,1
1380195180,1
1380196620,2
1380196860,1
1380197520,1
1380198060,1
1380198300,1
1380198720,1
1380198780,1
1380199020,1
1380199380,1
1380199860,1
1380199920,1
1380199980,2
1380200100,1
1380200220,1
1380200880,1
1380201360,1
1380201660,1
1380202260,2
1380202740,1
1380203100,1
1380203640,1
1380204120,3
1380204960,1
1380205080,1
1380205980,1
1380207360,1
1380207480,1
1380208980,1
1380209280,1
1380209400,1
1380209520,2
1380210120,1
1380210720,2
1380211140,1
1380211260,1
1380211380,2
1380211500,1
1380211680,1
1380212220,1
1380212700,2
1380212760,1
1380212880,1
1380213480,1
1380214200,1
1380214320,2
1380215220,1
1380215640,1
1380215880,1
1380216120,1
1380216420,1
1380216720,1
1380217080,1
1380217440,1
1380217560,1
1380217860,1
1380217920,1
1380218100,1
1380218220,1
1380218820,1
1380219480,1
1380220080,1
1380220140,1
1380220200,1
1380220260,1
1380221040,2
1380221100,2
1380221160,1
1380222060,1
1380222180,1
1380222420,2
1380223740,1
1380223800,1
1380223980,1
1380226200,1
1380226440,1
1380226740,1
1380226800,1
1380226980,2
1380227520,1
1380228120,1
1380228840,1
1380229020,1
1380229140,1
1380229680,1
1380230460,2
1380230520,1
1380230640,1
1380231720,2
1380231840,1
1380232020,2
1380232080,1
1380232200,1
1380232260,1
1380232380,1
1380232440,1
1380232920,1
1380233220,3
1380233340,1
1380233580,1
1380234600,1
1380234660,2
1380234840,1
1380234900,1
1380235080,1
1380235680,2
1380236700,3
1380237240,1
1380237720,1
1380238020,1
1380238260,1
1380238440,1
1380240360,1
1380242220,7
1380242460,1
1380243420,1
1380243780,1
1380244080,1
1380244620,1
1380244860,1
1380246960,1
1380251280,1
1380251460,1
1380251580,1
1380251700,1
1380254760,1
1380255600,1
1380272700,1
1380272940,1
1380273060,1
1380280860,1
1380281280,5
1380281460,3
1380283200,1
1380283620,1
1380284400,2
1380284700,1
1380285180,1
1380285480,1
1380285540,1
1380286320,1
1380287700,1
1380287760,1
1380287820,1
1380288540,1
1380288780,2
1380289980,1
1380290160,1
1380291600,1
1380291840,1
1380292620,1
1380292800,3
1380292980,1
1380294000,1
1380294600,1
1380294840,2
1380296400,1
1380296700,1
1380296820,1
1380297660,1
1380297900,1
1380298260,1
1380299040,1
1380300480,2
1380300660,1
1380300780,1
1380301620,1
1380301740,1
1380301800,1
1380301980,1
1380302760,1
1380302940,1
1380303120,1
1380303720,1
1380304080,1
1380304800,1
1380305100,1
1380305880,1
1380306060,1
1380306840,1
1380306900,1
1380307320,1
1380307920,1
1380308580,1
1380308700,1
1380308880,1
1380309060,1
1380309360,1
1380309480,1
1380309840,1
1380310080,1
1380310560,1
1380310620,1
1380310680,1
1380311160,2
1380311220,1
1380311400,1
1380311700,1
1380312360,1
1380312840,1
1380313140,1
1380313200,1
1380313440,1
1380313620,1
1380313980,1
1380314520,1
1380315000,1
1380315480,1
1380315960,1
1380316260,1
1380316380,1
1380316500,1
1380316620,1
1380316980,1
1380317100,1
1380317160,1
1380317220,1
1380317400,1
1380317520,1
1380318060,1
1380318300,1
1380318900,1
1380319020,1
1380319440,1
1380319740,1
1380320100,1
1380321120,1
1380322800,1
1380323520,1
1380324240,1
1380325680,1
1380325920,1
1380327720,2
1380327960,1
1380329820,1
1380331320,1
1380331380,1
1380332220,1
1380332820,1
1380333720,1
1380341520,1
1380342540,1
1380342720,1
1380343800,1
1380345300,1
1380348300,1
1380364200,1
1380365400,1
1380367740,1
1380372360,2
1380372420,1
1380376680,1
1380376920,1
1380377520,1
1380377700,1
1380382080,1
1380382140,1
1380382500,1
1380382620,1
1380383700,1
1380384720,3
1380385140,1
1380385800,1
1380387120,4
1380388740,1
1380388800,3
1380389100,1
1380389160,1
1380389280,1
1380389580,2
1380389640,1
1380389760,1
1380389880,1
1380390780,1
1380391140,1
1380392040,1
1380392100,1
1380392700,1
1380392940,1
1380393060,1
1380393240,1
1380393420,1
1380393960,1
1380394140,1
1380394440,1
1380394920,1
1380395040,2
1380395700,1
1380396180,1
1380396780,1
1380397200,1
1380397320,1
1380397620,1
1380399120,1
1380399900,1
1380400260,1
1380400680,1
1380400740,1
1380401220,1
1380402000,1
1380402360,2
1380403620,1
1380403920,1
1380404220,1
1380404460,1
1380404880,1
1380405060,1
1380405900,1
1380406380,1
1380407220,2
1380409260,1
1380410580,1
1380411540,3
1380411780,1
1380414300,1
1380418140,2
1380423060,1
1380427260,2
1380432360,1
1380435720,1
1380439740,1
1380461040,1
1380461220,1
1380462540,2
1380463260,6
1380463380,4
1380463680,1
1380465300,1
1380465600,1
1380467700,1
1380468540,1
1380470820,1
1380471360,1
1380472440,1
1380472560,1
1380473040,1
1380474240,2
1380474420,1
1380474600,1
1380475380,1
1380476340,1
1380477000,1
1380477180,1
1380478440,1
1380478620,1
1380478740,1
1380479280,1
1380479760,1
1380479880,1
1380479940,1
1380480420,2
1380482100,1
1380482160,1
1380482460,2
1380482700,3
1380482880,1
1380482940,1
1380483660,3
1380484140,1
1380484980,1
1380485400,2
1380485580,1
1380485640,1
1380485700,1
1380487860,1
1380488160,1
1380488340,1
1380488460,1
1380488640,2
1380489120,1
1380489540,1
1380490140,1
1380491580,1
1380492000,1
1380492060,2
1380492300,1
1380492480,1
1380492540,1
1380492900,1
1380493620,1
1380493860,1
1380494040,1
1380494820,1
1380495300,1
1380498780,1
1380499080,1
1380499260,1
1380499380,1
1380499500,1
1380500580,1
1380501000,1
1380501540,1
1380501960,1
1380502020,2
1380502200,1
1380504000,1
1380504060,1
1380504480,1
1380504840,1
1380505560,1
1380506460,1
1380507300,1
1380507480,1
1380508620,1
1380512340,1
1380512460,1
1380513000,2
1380513180,1
1380513840,1
1380517740,1
1380519840,1
1380534120,1
1380537300,1
1380537540,1
1380537720,1
1380538140,1
1380538260,1
1380538440,1
1380538620,1
1380538740,1
1380539160,1
1380539280,1
1380540000,1
1380540180,1
1380541020,1
1380541140,1
1380541260,1
1380541860,1
1380543480,1
1380544980,1
1380545520,1
1380545820,2
1380546120,1
1380546360,1
1380546540,2
1380546720,1
1380547140,1
1380547260,2
1380547620,2
1380547800,1
1380548160,1
1380549180,1
1380549300,1
1380550380,1
1380552180,1
1380552960,1
1380553020,1
1380553440,1
1380554520,1
1380555120,1
1380555300,1
1380555420,3
1380555540,1
1380556620,1
1380557100,1
1380558000,1
1380558120,1
1380558180,1
1380558360,1
1380558480,1
1380558780,1
1380559080,1
1380559320,1
1380559380,1
1380559740,1
1380560040,1
1380560160,1
1380561540,1
1380561960,2
1380562140,1
1380562620,1
1380562920,1
1380563640,1
1380563880,1
1380564480,1
1380565080,1
1380565800,2
1380566520,1
1380566640,1
1380566760,1
1380566820,1
1380567000,1
1380567060,1
1380567660,1
1380567780,1
1380567960,1
1380568080,1
1380568500,2
1380570300,1
1380570480,1
1380570780,2
1380571260,1
1380571500,1
1380571800,1
1380572880,1
1380573840,2
1380573900,2
1380574380,1
1380574560,3
1380576120,1
1380576300,2
1380576480,2
1380576660,3
1380576960,2
1380577260,3
1380577380,1
1380577680,1
1380577800,1
1380578040,2
1380578220,1
1380578460,1
1380579000,2
1380579900,1
1380580020,1
1380580080,1
1380580260,1
1380580500,1
1380580680,1
1380580980,1
1380581820,1
1380582540,1
1380582840,1
1380583320,1
1380583440,1
1380583800,1
1380586320,2
1380588660,1
1380589680,1
1380590640,1
1380591420,1
1380594000,1
1380594180,1
1380594360,1
1380594840,1
1380598200,1
1380624480,1
1380626160,2
1380626220,3
1380626280,2
1380627540,1
1380627780,1
1380627960,1
1380628800,1
1380629580,1
1380631020,1
1380631320,1
1380632040,1
1380633120,1
1380633360,1
1380633660,2
1380634560,1
1380634680,1
1380635640,1
1380635880,1
1380636180,1
1380636840,1
1380638520,1
1380638580,1
1380638940,1
1380640080,1
1380640500,1
1380640920,2
1380642540,1
1380643200,1
1380643320,1
1380644100,2
1380644640,1
1380644760,1
1380645000,1
1380645240,1
1380645840,2
1380646560,1
1380646680,2
1380647160,1
1380647760,1
1380648540,1
1380649500,1
1380650460,1
1380651300,1
1380651360,2
1380652020,1
1380653040,2
1380653400,1
1380653640,1
1380653760,1
1380654000,1
1380654060,1
1380654300,2
1380654960,1
1380655080,1
1380656100,1
1380656160,1
1380657420,1
1380657660,1
1380659100,1
1380659280,1
1380659760,1
1380660600,1
1380661020,2
1380661380,1
1380661740,1
1380661860,1
1380662400,1
1380663000,1
1380663120,2
1380663180,1
1380664080,1
1380664680,2
1380664800,1
1380665520,1
1380665700,1
1380665940,1
1380666420,1
1380666600,1
1380667980,1
1380669060,1
1380669360,1
1380670200,1
1380670620,2
1380671160,1
1380671580,1
1380675720,1
1380676740,1
1380677100,1
1380679080,1
1380679620,1
1380679680,1
1380681900,1
1380684060,1
1380685320,1
1380706920,1
1380710820,1
1380711300,1
1380711840,1
1380711960,2
1380712620,1
1380712980,2
1380713040,2
1380713100,1
1380713640,1
1380715860,1
1380716220,1
1380717240,1
1380717300,1
1380718380,1
1380718560,2
1380718920,1
1380719040,1
1380719220,1
1380719580,1
1380719820,1
1380720960,1
1380721080,1
1380721260,1
1380722340,1
1380722640,1
1380722880,1
1380723420,1
1380723660,2
1380723960,1
1380724380,1
1380724800,1
1380724920,1
1380725340,1
1380725760,1
1380726900,1
1380727140,1
1380727500,1
1380727620,1
1380729240,1
1380729720,2
1380730080,1
1380730200,1
1380730320,1
1380730800,2
1380731580,1
1380731640,1
1380731820,1
1380731940,1
1380732180,1
1380733020,1
1380734760,1
1380735300,1
1380735420,1
1380735660,1
1380735960,1
1380736320,2
1380736680,1
1380737040,1
1380737280,1
1380737880,1
1380738060,2
1380738420,2
1380738600,1
1380738780,1
1380739080,2
1380739800,1
1380740160,1
1380740520,1
1380741000,1
1380741960,1
1380742020,1
1380742260,1
1380742860,1
1380744840,1
1380745260,1
1380745560,1
1380745800,1
1380745980,1
1380746160,2
1380746940,1
1380747180,1
1380747660,1
1380747720,1
1380748140,2
1380748200,1
1380748500,1
1380748620,1
1380748860,1
1380749040,2
1380749160,1
1380749280,1
1380749820,1
1380750060,2
1380750300,1
1380750360,1
1380750480,2
1380750780,1
1380750960,2
1380751500,1
1380751980,1
1380752460,3
1380754560,2
1380754680,1
1380755640,1
1380755700,1
1380755820,2
1380755940,1
1380756060,1
1380756300,1
1380756480,1
1380756600,1
1380757680,1
1380759000,1
1380759060,1
1380759300,1
1380759900,1
1380760260,1
1380762240,1
1380762660,1
1380764460,1
1380764520,1
1380766260,1
1380766320,1
1380769080,1
1380812580,1
1380813600,1
1380814020,1
1380815040,1
1380815400,1
1380815640,1
1380815940,1
1380816420,1
1380816480,1
1380816660,1
1380817200,1
1380817620,1
1380817920,1
1380818220,1
1380818460,1
1380818880,1
1380819060,1
1380819240,1
1380819360,1
1380819660,2
1380819780,2
1380819900,1
1380820020,1
1380820320,1
1380820620,1
1380821520,1
1380821880,1
1380822120,1
1380822180,1
1380822480,1
1380824760,1
1380825180,1
1380825360,1
1380826080,2
1380826140,1
1380826620,1
1380827760,1
1380828540,2
1380828660,2
1380830220,1
1380830460,1
1380830640,2
1380831060,1
1380831300,2
1380831660,4
1380832560,1
1380832620,1
1380832920,1
1380833640,1
1380833760,2
1380834000,1
1380834600,1
1380834780,1
1380835200,1
1380835260,1
1380835440,1
1380835740,1
1380836220,1
1380836640,1
1380836700,3
1380836880,1
1380837240,2
1380837420,1
1380837660,1
1380837960,1
1380838020,1
1380838200,1
1380838260,1
1380838560,1
1380838980,1
1380839700,1
1380839880,1
1380840720,1
1380841140,1
1380841380,2
1380842340,1
1380842820,1
1380844020,1
1380846420,1
1380847740,1
1380849120,1
1380850380,1
1380850560,1
1380850860,1
1380854760,1
1380856080,1
1380861840,1
1380879540,1
1380882420,1
1380883560,1
1380883620,1
1380884220,1
1380884640,2
1380885240,1
1380885600,1
1380886140,1
1380886860,3
1380887100,1
1380887160,1
1380887400,2
1380887580,1
1380888000,2
1380888420,1
1380888780,1
1380889380,1
1380889740,1
1380889800,1
1380890760,1
1380891000,1
1380891360,1
1380892140,1
1380892200,1
1380892440,1
1380892620,2
1380892740,1
1380892920,1
1380893460,1
1380893640,1
1380894120,1
1380895020,1
1380895380,1
1380896100,1
1380896520,1
1380897060,1
1380899040,1
1380899280,1
1380899400,2
1380901080,1
1380901620,1
1380901920,1
1380902640,1
1380903780,1
1380904020,1
1380905100,1
1380905220,1
1380905640,1
1380905820,1
1380905940,2
1380906420,2
1380906780,1
1380907560,2
1380907860,1
1380907920,1
1380908580,1
1380908880,1
1380909180,1
1380909960,1
1380910320,1
1380910860,1
1380911160,1
1380911880,1
1380912240,1
1380912540,1
1380912600,1
1380912840,1
1380914880,1
1380915540,1
1380915780,1
1380915960,1
1380916080,1
1380917280,1
1380917940,1
1380919800,1
1380920340,1
1380920520,1
1380920700,1
1380920820,2
1380921300,1
1380922080,1
1380922200,1
1380923520,1
1380924060,1
1380925260,1
1380925380,1
1380925740,1
1380926160,1
1380926760,1
1380927120,1
1380927300,1
1380927480,1
1380927960,2
1380928140,1
1380928260,1
1380928560,1
1380928800,1
1380929040,2
1380929220,1
1380930120,1
1380930660,1
1380931560,1
1380932700,1
1380933840,1
1380937320,1
1380938100,1
1380945660,1
1380945840,1
1380950520,1
1380950700,1
1380977880,1
1380978360,2
1380978540,1
1380980340,5
1380980400,1
1380982200,1
1380982860,1
1380983580,1
1380985140,1
1380985440,1
1380986520,1
1380986700,1
1380986820,1
1380986940,2
1380987480,1
1380989100,1
1380989340,1
1380990060,1
1380990360,1
1380992040,1
1380992160,1
1380992580,2
1380993540,1
1380993900,1
1380993960,1
1380994080,1
1380994380,1
1380994500,1
1380994620,1
1380994980,2
1380995340,2
1380995460,1
1380995700,1
1380995880,1
1380996120,1
1380996600,1
1380996900,1
1380997260,1
1380997620,1
1380997860,1
1380998100,1
1380998280,1
1380998400,1
1380998580,1
1380998760,1
1380998880,1
1381000560,1
1381000680,1
1381000980,1
1381002240,1
1381002540,1
1381003080,2
1381003260,1
1381003380,1
1381003560,1
1381003860,1
1381004340,1
1381004700,1
1381004880,1
1381005060,1
1381005480,1
1381005780,1
1381005900,1
1381006140,2
1381006920,1
1381007640,1
1381008300,1
1381008540,1
1381008780,1
1381010160,1
1381011540,1
1381012260,1
1381013220,1
1381013460,3
1381013640,1
1381013820,1
1381014300,1
1381014780,2
1381015080,1
1381016160,1
1381016520,1
1381016700,1
1381017420,1
1381017840,1
1381018320,1
1381018860,1
1381019340,2
1381021140,1
1381021620,1
1381024020,1
1381026300,1
1381029720,2
1381030200,1
1381032240,1
1381032780,1
1381033140,1
1381033260,1
1381034100,1
1381036440,1
1381036620,1
1381038360,1
1381058460,1
1381059300,1
1381060200,1
1381060500,1
1381060920,1
1381061100,1
1381065300,1
1381066380,1
1381067520,1
1381067580,1
1381067700,1
1381069200,3
1381070100,1
1381070520,1
1381070760,1
1381070940,1
1381072080,1
1381072500,1
1381072620,1
1381073520,1
1381073940,1
1381074600,1
1381075560,1
1381076160,1
1381076700,1
1381076760,1
1381077120,2
1381077660,1
1381079760,2
1381080660,1
1381080720,1
1381081680,1
1381082820,1
1381084320,1
1381084440,1
1381084740,1
1381084980,2
1381085220,1
1381085820,2
1381086900,1
1381087080,1
1381087680,1
1381088340,1
1381089480,1
1381089780,1
1381092060,1
1381092420,2
1381093320,1
1381093680,1
1381097100,1
1381097640,1
1381098120,1
1381098540,1
1381099380,2
1381100520,1
1381101420,1
1381101600,1
1381105800,1
1381106940,1
1381107240,3
1381112220,1
1381113600,1
1381115340,1
1381116120,1
1381142820,2
1381143300,1
1381143420,1
1381143600,1
1381143960,1
1381144260,1
1381144380,1
1381144560,1
1381144680,2
1381145280,1
1381145400,1
1381145640,1
1381146120,1
1381146300,1
1381146480,1
1381146900,2
1381147020,1
1381149300,1
1381149600,1
1381150020,1
1381150320,1
1381150500,2
1381150620,1
1381150800,1
1381151580,1
1381151700,2
1381151940,1
1381152840,1
1381153140,1
1381153740,1
1381154400,1
1381154580,1
1381155180,1
1381155240,2
1381156020,1
1381156680,1
1381158300,1
1381158600,2
1381159140,1
1381160580,2
1381160760,1
1381161540,1
1381161600,1
1381163880,1
1381165380,1
1381167240,1
1381167540,1
1381167780,1
1381167900,1
1381168260,1
1381168560,1
1381168740,1
1381168860,1
1381169100,1
1381169340,1
1381170180,1
1381170240,1
1381170300,1
1381171380,1
1381171860,1
1381172340,1
1381172520,2
1381172820,1
1381173240,1
1381173540,2
1381173840,1
1381173960,1
1381174200,1
1381174440,1
1381178220,1
1381179000,1
1381179960,1
1381180980,1
1381181100,1
1381181820,1
1381181940,1
1381182060,1
1381182360,1
1381182540,1
1381183080,1
1381183320,1
1381183440,1
1381183860,1
1381184520,1
1381185360,1
1381185540,1
1381185660,1
1381187160,1
1381187700,2
1381187940,1
1381188240,2
1381188840,1
1381189620,1
1381190220,1
1381190580,1
1381191060,1
1381191600,1
1381192560,1
1381193760,1
1381194000,1
1381195980,1
1381196400,1
1381196640,1
1381197000,1
1381198500,1
1381198740,1
1381199400,2
1381201020,1
1381201140,2
1381205400,1
1381205700,1
1381210740,1
1381222380,1
1381227540,1
1381227780,1
1381228080,1
1381229220,1
1381229460,1
1381229760,1
1381230600,1
1381231020,1
1381231380,1
1381231500,1
1381232100,1
1381233900,2
1381234320,1
1381234440,1
1381235040,2
1381235400,1
1381236000,2
1381236240,1
1381236840,1
1381236900,1
1381237140,2
1381238460,3
1381238700,2
1381239480,1
1381239840,1
1381240920,1
1381241040,1
1381241100,2
1381241700,1
1381242480,1
1381244820,1
1381245120,1
1381245420,1
1381245720,1
1381246560,1
1381247460,1
1381247640,2
1381248120,1
1381249020,1
1381249080,2
1381249860,1
1381250040,1
1381250340,1
1381250640,1
1381252380,1
1381253100,1
1381253580,1
1381253700,1
1381253820,1
1381254300,2
1381254540,1
1381254900,1
1381255020,1
1381255200,1
1381255260,1
1381256460,1
1381256520,1
1381256580,1
1381257960,1
1381258140,1
1381258380,1
1381258440,1
1381258800,1
1381259040,1
1381259340,1
1381259700,1
1381259940,1
1381260660,1
1381261680,1
1381261980,1
1381262040,1
1381262520,1
1381262700,1
1381263960,1
1381264800,1
1381264980,1
1381265880,1
1381266300,1
1381266420,1
1381266480,1
1381266840,1
1381267920,1
1381268700,1
1381268820,2
1381269120,1
1381269480,1
1381269540,1
1381269780,1
1381269900,1
1381270500,3
1381271400,1
1381271700,1
1381272300,1
1381273140,1
1381273500,2
1381273560,1
1381273680,1
1381273800,1
1381274340,1
1381276320,1
1381277940,1
1381278720,1
1381279440,1
1381284780,1
1381289220,1
1381314840,1
1381315680,1
1381315800,2
1381316100,1
1381316340,1
1381317060,1
1381317540,1
1381317960,1
1381318200,1
1381318320,1
1381318740,1
1381320240,1
1381320540,1
1381320780,1
1381322280,1
1381322520,1
1381323000,1
1381323480,1
1381324080,2
1381324800,2
1381325460,1
1381325640,1
1381325940,2
1381326300,1
1381326960,1
1381327440,3
1381328160,1
1381328340,2
1381328580,1
1381329960,1
1381330140,2
1381330440,1
1381330560,1
1381330740,1
1381331400,1
1381331640,1
1381332000,1
1381332240,1
1381332780,2
1381333260,1
1381333380,1
1381333980,2
1381334940,1
1381335240,1
1381335720,1
1381336080,1
1381336260,1
1381336860,1
1381338060,1
1381338840,2
1381338960,1
1381339500,1
1381339980,2
1381340100,1
1381340880,2
1381341180,1
1381342080,1
1381342140,1
1381342980,1
1381343400,1
1381343460,1
1381343700,1
1381343880,1
1381344300,2
1381344420,1
1381345260,1
1381346460,1
1381346940,1
1381347540,1
1381348320,1
1381349700,2
1381350840,1
1381351080,1
1381351560,1
1381351740,1
1381352760,1
1381353300,1
1381353780,1
1381354380,1
1381354740,1
1381355700,3
1381356300,1
1381357260,1
1381357380,2
1381357500,3
1381357620,1
1381358040,1
1381358160,1
1381358940,1
1381359240,1
1381359300,1
1381359960,1
1381360080,2
1381361460,1
1381361640,1
1381362000,1
1381362600,1
1381362780,2
1381362900,1
1381364280,1
1381364340,2
1381364700,1
1381366020,1
1381366200,1
1381366860,1
1381367640,1
1381368180,1
1381369560,1
1381369980,1
1381371480,1
1381372560,1
1381374600,1
1381374960,1
1381378620,1
1381384800,1
1381389060,1
1381395420,1
1381397400,1
1381398240,1
1381400760,1
1381401000,1
1381401060,1
1381401300,1
1381401540,2
1381404960,1
1381405320,1
1381407000,1
1381407300,1
1381408440,1
1381409580,1
1381409940,1
1381410060,1
1381411140,1
1381411860,2
1381412220,1
1381412340,1
1381413300,1
1381414020,1
1381415400,1
1381415820,2
1381416000,1
1381416960,1
1381417620,1
1381418460,1
1381418940,1
1381420500,1
1381420680,2
1381421460,1
1381421820,1
1381422060,1
1381423380,2
1381423440,2
1381423560,1
1381423680,1
1381424460,2
1381424940,1
1381425240,2
1381425960,1
1381426980,1
1381427160,1
1381427340,1
1381427700,1
1381428180,1
1381428720,1
1381430100,1
1381431300,1
1381431420,1
1381432440,1
1381434300,1
1381434420,1
1381435320,1
1381437000,2
1381437600,1
1381438620,1
1381438680,2
1381438920,1
1381438980,1
1381439160,1
1381439280,1
1381440660,1
1381441260,1
1381441440,1
1381441680,1
1381441980,1
1381442040,1
1381442520,1
1381442640,1
1381443000,1
1381443540,1
1381443960,1
1381444620,1
1381444680,1
1381444740,3
1381445160,1
1381445700,1
1381446960,1
1381448940,1
1381449060,1
1381451220,1
1381452660,1
1381455300,1
1381455600,1
1381456440,1
1381459680,1
1381460040,1
1381460220,2
1381460520,1
1381470480,1
1381472220,1
1381481820,1
1381486200,1
1381487820,1
1381489320,1
1381490160,1
1381490640,1
1381492200,1
1381492380,1
1381492740,1
1381494060,1
1381494480,1
1381495500,1
1381496400,1
1381496460,2
1381496940,1
1381497240,1
1381498560,1
1381499160,1
1381499220,1
1381499340,1
1381500240,1
1381500360,2
1381500660,1
1381500840,1
1381502220,1
1381503300,1
1381504200,1
1381504860,1
1381505040,1
1381506060,3
1381506120,1
1381507020,1
1381507740,1
1381510140,2
1381511820,3
1381512420,2
1381512900,1
1381513020,1
1381513980,1
1381514400,1
1381514460,1
1381515000,1
1381516140,1
1381516500,1
1381516920,1
1381517100,2
1381517160,1
1381518540,1
1381519440,1
1381520280,2
1381520880,1
1381521060,1
1381521900,1
1381521960,1
1381522020,1
1381522260,1
1381522980,1
1381523100,1
1381523280,1
1381523400,2
1381523700,1
1381523820,1
1381524000,1
1381525200,1
1381525980,1
1381526760,1
1381527600,1
1381527780,1
1381527900,1
1381528440,1
1381528980,1
1381529040,2
1381529940,2
1381530000,1
1381530420,1
1381530900,1
1381531020,1
1381532520,1
1381533000,2
1381533360,1
1381534020,1
1381535280,1
1381537560,2
1381543440,1
1381549440,1
1381550280,1
1381551060,1
1381556280,1
1381558140,1
1381559940,1
1381568760,1
1381578660,1
1381583460,1
1381587120,1
1381588680,1
1381588980,2
1381589100,1
1381589340,1
1381589640,1
1381590300,1
1381590420,1
1381590600,1
1381591680,2
1381591920,1
1381593120,1
1381593480,1
1381594440,1
1381594620,1
1381594800,1
1381594860,1
1381595940,1
1381596240,1
1381596360,1
1381596480,1
1381596720,2
1381597080,1
1381597260,1
1381598340,1
1381599840,1
1381600200,1
1381600500,1
1381601100,1
1381601340,1
1381601700,1
1381603140,1
1381604220,1
1381604460,1
1381605360,1
1381605660,2
1381605720,2
1381607640,1
1381608420,1
1381608600,1
1381609860,2
1381610040,1
1381610340,1
1381611300,1
1381613040,1
1381613340,1
1381613580,1
1381615260,1
1381615740,1
1381617120,1
1381618740,1
1381620540,1
1381621440,1
1381621740,1
1381623000,1
1381623600,1
1381624860,1
1381625160,1
1381626420,1
1381626840,2
1381627380,1
1381631940,1
1381634400,1
1381637100,2
1381639080,1
1381642200,1
1381643880,1
1381645380,1
1381653240,1
1381653540,1
1381655220,1
1381661100,2
1381664820,1
1381665000,1
1381665120,1
1381666800,1
1381672320,1
1381672740,1
1381675500,1
1381675560,2
1381676100,1
1381676160,2
1381679700,2
1381680360,1
1381680660,2
1381680900,1
1381682400,1
1381684200,1
1381684260,3
1381684500,1
1381684860,4
1381685220,1
1381685820,2
1381686060,1
1381686960,1
1381687140,2
1381687620,1
1381687860,1
1381688220,2
1381688820,1
1381689300,1
1381689780,1
1381690200,1
1381691700,1
1381694820,1
1381695840,3
1381696920,2
1381697700,1
1381697940,1
1381698120,1
1381698240,1
1381698480,1
1381698900,1
1381701000,1
1381701180,1
1381701360,1
1381701720,2
1381702020,1
1381702260,1
1381702860,1
1381703220,1
1381703700,1
1381704900,1
1381705260,1
1381705800,2
1381706760,1
1381708080,1
1381708740,1
1381709040,3
1381709100,1
1381709640,1
1381710480,1
1381711020,3
1381712220,1
1381713360,1
1381714020,1
1381714140,1
1381714260,2
1381714380,2
1381715160,1
1381715460,2
1381715640,1
1381715700,1
1381716540,1
1381717140,2
1381717260,1
1381717500,1
1381720080,1
1381722000,1
1381722420,1
1381723560,1
1381724760,1
1381725120,1
1381740720,1
1381746780,1
1381746900,1
1381748160,1
1381748400,1
1381751160,1
1381751640,1
1381753620,1
1381754220,2
1381755180,1
1381755360,1
1381755540,1
1381756560,1
1381757460,1
1381757520,1
1381758000,1
1381758720,1
1381759260,1
1381759500,1
1381759920,1
1381760040,1
1381760640,1
1381761660,1
1381761960,1
1381762140,2
1381764240,1
1381764540,1
1381764600,1
1381764660,1
1381765980,1
1381766700,1
1381767900,2
1381768860,1
1381769700,1
1381769820,1
1381770660,1
1381770840,1
1381771140,1
1381771260,1
1381771980,1
1381772040,1
1381773540,1
1381773600,1
1381773900,1
1381774140,3
1381774560,1
1381775160,1
1381775220,1
1381776360,1
1381776960,1
1381777140,1
1381777260,1
1381777980,1
1381778340,2
1381779600,1
1381780680,1
1381781340,1
1381782300,1
1381783500,1
1381783980,2
1381784100,2
1381784220,2
1381784760,1
1381784880,1
1381785300,1
1381785480,1
1381785660,1
1381786140,1
1381786800,1
1381786920,1
1381787100,1
1381787460,2
1381787820,1
1381788240,2
1381788300,1
1381788480,1
1381789860,1
1381790040,1
1381791120,2
1381791600,1
1381792200,1
1381792320,1
1381792500,1
1381792980,1
1381793040,1
1381795500,2
1381795920,1
1381796700,1
1381798140,1
1381805280,1
1381831680,1
1381832160,1
1381832940,1
1381833060,1
1381833180,1
1381833300,1
1381833480,1
1381834620,1
1381835280,1
1381835640,2
1381837320,1
1381839180,1
1381840500,1
1381840800,1
1381840980,1
1381841400,1
1381841520,2
1381842120,1
1381843200,1
1381843920,1
1381844400,1
1381844940,1
1381845180,1
1381845840,1
1381846140,1
1381847100,1
1381847520,1
1381848240,2
1381850820,1
1381851000,1
1381853400,1
1381854780,1
1381855080,2
1381855620,1
1381856280,2
1381856640,1
1381856760,1
1381857240,2
1381857600,3
1381857960,1
1381858620,1
1381859100,1
1381859160,1
1381859280,1
1381859580,1
1381859880,1
1381860060,1
1381860300,1
1381860360,1
1381860420,2
1381860600,1
1381860840,3
1381860900,1
1381861260,2
1381866540,1
1381866600,1
1381866660,1
1381867020,1
1381867200,2
1381867440,1
1381867740,1
1381868820,1
1381868940,1
1381869060,1
1381869300,2
1381869360,1
1381869780,1
1381869840,1
1381871160,1
1381871340,1
1381871400,1
1381871460,1
1381871940,1
1381872600,1
1381872840,1
1381873200,1
1381873560,2
1381874220,2
1381874640,1
1381874880,1
1381875000,2
1381875660,1
1381877340,1
1381877880,3
1381878240,1
1381878840,1
1381878900,1
1381879980,1
1381880340,1
1381881300,1
1381881360,1
1381881840,1
1381883100,2
1381883820,2
1381884000,1
1381890420,1
1381894800,1
1381896480,1
1381900020,1
1381900500,1
1381916400,1
1381917180,1
1381918020,1
1381918680,1
1381919100,1
1381920060,1
1381920360,1
1381921260,1
1381923240,1
1381924140,1
1381924500,1
1381924620,1
1381924800,1
1381925340,1
1381926120,1
1381927380,2
1381927740,1
1381928040,1
1381928160,1
1381928520,1
1381929300,1
1381929600,1
1381930320,1
1381930620,1
1381930740,1
1381931100,1
1381932180,1
1381932240,1
1381933200,1
1381934220,2
1381934520,1
1381934640,1
1381934760,1
1381935960,1
1381936740,1
1381937880,1
1381938960,1
1381939020,1
1381939620,1
1381940700,1
1381941660,1
1381942080,1
1381942740,2
1381943220,1
1381943460,2
1381943640,1
1381944240,1
1381944540,1
1381945380,1
1381945800,1
1381946280,1
1381946340,1
1381946940,1
1381948380,1
1381948440,1
1381948500,1
1381948920,1
1381949040,1
1381949160,1
1381950120,1
1381951740,1
1381951920,2
1381952040,1
1381952220,1
1381952460,1
1381952580,1
1381952760,2
1381953000,1
1381953840,1
1381954320,1
1381956780,2
1381957440,1
1381958340,1
1381959000,2
1381959240,2
1381959300,1
1381959480,2
1381959780,1
1381960440,1
1381960740,1
1381961760,1
1381962300,1
1381962660,1
1381962840,1
1381962960,1
1381963260,1
1381963500,1
1381965480,1
1381965600,1
1381966800,2
1381968360,1
1381968600,1
1381969380,1
1381970040,1
1381970280,1
1381970580,1
1381971660,1
1381972260,1
1381972680,1
1381974840,1
1381976220,1
1381976280,1
1381977000,1
1381977120,1
1381977480,1
1381977780,1
1381979400,1
1381984500,1
1381985880,1
1381990380,1
1382003760,1
1382004540,1
1382005680,1
1382005860,1
1382006040,1
1382007000,1
1382007600,1
1382008620,1
1382008800,1
1382010840,1
1382011620,1
1382012460,1
1382012880,1
1382013120,1
1382013420,1
1382013720,1
1382014320,1
1382014380,2
1382014500,1
1382015040,2
1382015400,1
1382015640,1
1382016540,1
1382016900,1
1382017200,1
1382017980,1
1382018760,1
1382019360,1
1382019660,1
1382021100,1
1382021220,2
1382022060,1
1382022720,1
1382023440,1
1382024880,1
1382025060,2
1382025360,1
1382026080,1
1382026320,2
1382026980,1
1382027400,1
1382027760,1
1382028720,1
1382028960,1
1382029020,2
1382029140,2
1382029620,1
1382029920,1
1382030040,1
1382030340,2
1382030640,2
1382030820,1
1382031660,3
1382031840,1
1382033820,1
1382033940,1
1382034900,1
1382035740,2
1382036400,1
1382036820,1
1382037420,1
1382037540,1
1382037960,1
1382038740,1
1382040780,1
1382041140,1
1382041260,2
1382041620,2
1382041680,1
1382042100,1
1382042400,1
1382042820,1
1382042940,1
1382043480,1
1382043600,1
1382043780,1
1382044080,1
1382044200,1
1382044380,1
1382044620,1
1382044800,1
1382044860,2
1382045340,1
1382045520,4
1382045640,1
1382046300,1
1382046360,2
1382047020,1
1382047080,1
1382047260,1
1382048460,1
1382049180,1
1382050140,1
1382050320,1
1382050740,1
1382051760,1
1382052000,1
1382053080,1
1382054400,1
1382063640,1
1382066220,1
1382066460,1
1382066820,1
1382067600,1
1382068680,1
1382071860,1
1382072160,1
1382075640,1
1382090880,1
1382091540,1
1382093100,1
1382093160,1
1382093700,1
1382094960,1
1382095140,1
1382095560,1
1382095680,1
1382095740,1
1382097120,1
1382097240,1
1382097840,1
1382098560,1
1382099100,1
1382100480,1
1382100540,1
1382101080,1
1382101500,1
1382102340,2
1382102460,2
1382103360,2
1382103540,2
1382105700,1
1382105940,2
1382106480,1
1382106960,1
1382107200,1
1382107260,1
1382107380,2
1382107620,1
1382108220,1
1382109420,1
1382110440,1
1382110500,1
1382110620,1
1382111520,1
1382111700,1
1382112780,1
1382113020,1
1382113680,1
1382114640,1
1382115240,1
1382115360,1
1382115480,1
1382115780,2
1382116200,4
1382116320,1
1382116620,1
1382116860,1
1382116980,1
1382117220,1
1382118600,1
1382119500,1
1382119860,2
1382120040,2
1382120520,1
1382120820,1
1382121300,2
1382122560,1
1382122680,1
1382122980,1
1382123160,1
1382123820,1
1382123940,1
1382124360,1
1382124480,1
1382124720,1
1382124840,1
1382124960,1
1382125200,1
1382125920,1
1382126100,1
1382126400,2
1382126940,1
1382127060,1
1382127720,1
1382127840,3
1382127900,4
1382128080,3
1382128380,1
1382128500,1
1382128980,1
1382129160,2
1382129280,1
1382130000,1
1382130300,6
1382130540,1
1382130660,2
1382130720,1
1382131320,1
1382131560,2
1382131860,1
1382131980,1
1382132100,1
1382132880,1
1382133060,1
1382133240,1
1382134200,1
1382136060,1
1382136600,2
1382137200,1
1382138520,1
1382138700,2
1382141820,2
1382142540,1
1382145060,1
1382150640,1
1382151840,1
1382154720,1
1382167080,1
1382167440,1
1382173560,1
1382179500,1
1382191560,1
1382191860,2
1382192160,1
1382192280,1
1382192400,1
1382193780,1
1382193900,1
1382194980,1
1382195100,1
1382195820,1
1382196720,1
1382197680,1
1382199660,1
1382199780,2
1382199960,1
1382200260,1
1382200380,1
1382200440,1
1382200620,2
1382200740,1
1382200860,1
1382200920,1
1382201100,1
1382203140,1
1382203620,1
1382205600,1
1382205840,1
1382205960,1
1382206740,1
1382206980,4
1382207400,1
1382207640,1
1382207760,1
1382207880,1
1382207940,1
1382209140,1
1382210100,1
1382211000,3
1382211960,1
1382212140,1
1382212740,1
1382213460,1
1382214060,1
1382214840,1
1382215140,1
1382216280,2
1382216400,3
1382218080,1
1382218440,2
1382218620,1
1382219220,1
1382219460,1
1382220480,1
1382220660,1
1382220780,1
1382220960,1
1382221500,1
1382221620,1
1382223780,2
1382224860,1
1382226000,1
1382226060,1
1382226780,1
1382227200,1
1382228880,1
1382232780,1
1382232840,1
1382233500,1
1382237820,1
1382241240,1
1382245020,1
1382245320,2
1382248080,1
1382273220,1
1382273640,1
1382276940,1
1382277060,1
1382279220,1
1382282100,1
1382282520,1
1382282940,1
1382283600,2
1382283840,2
1382285760,1
1382286000,1
1382286960,1
1382287560,1
1382287800,1
1382287920,1
1382288280,2
1382289300,1
1382289420,1
1382289720,1
1382290200,3
1382291220,1
1382292600,1
1382292780,1
1382296260,1
1382296440,2
1382298060,1
1382300040,1
1382300280,1
1382303100,2
1382303580,1
1382303640,1
1382304180,1
1382304360,1
1382304780,1
1382305560,1
1382307240,1
1382307900,1
1382308140,1
1382308560,1
1382309040,1
1382309280,1
1382309520,1
1382309820,1
1382310360,1
1382310420,1
1382311080,5
1382315280,1
1382317740,1
1382318280,1
1382318400,1
1382318580,1
1382320200,1
1382321100,1
1382321580,2
1382321640,1
1382322180,1
1382323440,1
1382323800,1
1382327520,1
1382327820,1
1382330280,2
1382349960,1
1382350320,1
1382350560,1
1382351520,1
1382351940,2
1382354220,1
1382356260,1
1382356740,1
1382356860,1
1382357820,1
1382357940,1
1382358000,1
1382358720,1
1382358900,1
1382359920,2
1382360460,1
1382361000,2
1382362140,1
1382362380,1
1382364240,1
1382364600,1
1382365740,1
1382366100,1
1382366580,1
1382367240,1
1382367300,1
1382367540,1
1382369100,2
1382369160,1
1382369760,1
1382371500,1
1382372640,1
1382373000,1
1382373660,1
1382374200,1
1382374740,1
1382375160,1
1382375340,2
1382375460,1
1382375640,1
1382377140,1
1382377260,3
1382377440,1
1382378520,1
1382380620,1
1382381100,2
1382381160,1
1382381280,1
1382381400,1
1382381940,1
1382382660,1
1382382900,2
1382383320,1
1382383740,1
1382384040,1
1382384220,2
1382384820,1
1382384880,2
1382385360,1
1382386140,2
1382386320,1
1382386740,1
1382386920,1
1382387460,1
1382387640,2
1382387700,2
1382388120,1
1382388780,1
1382389260,1
1382389500,1
1382390280,1
1382391120,1
1382391660,2
1382391960,1
1382392080,1
1382392440,1
1382393640,1
1382393760,1
1382394780,1
1382395440,2
1382395980,2
1382396880,1
1382397180,1
1382397720,1
1382397840,1
1382398920,1
1382399040,1
1382399160,2
1382399400,1
1382399760,3
1382399820,1
1382400360,1
1382401260,1
1382403840,4
1382407080,1
1382407620,1
1382409420,1
1382413020,1
1382434740,1
1382436420,1
1382437200,1
1382437440,1
1382438520,1
1382439420,1
1382441040,1
1382443380,1
1382443560,1
1382443680,1
1382445360,1
1382445660,1
1382445960,1
1382446380,1
1382446560,1
1382446620,3
1382446740,2
1382446980,1
1382447280,1
1382448060,1
1382448420,2
1382448600,1
1382449140,1
1382449380,1
1382449500,2
1382450400,1
1382450700,3
1382451000,1
1382452200,1
1382452980,1
1382453160,1
1382454420,1
1382455380,1
1382456520,1
1382456760,1
1382457180,1
1382457420,2
1382457600,1
1382457840,1
1382458440,1
1382458500,1
1382458740,1
1382459280,1
1382459460,1
1382459880,1
1382460420,1
1382460960,1
1382461020,1
1382461320,1
1382461740,1
1382461980,1
1382462460,1
1382462820,1
1382465220,1
1382465340,1
1382466000,1
1382466120,1
1382467140,1
1382468940,1
1382469180,1
1382469780,1
1382470020,1
1382470200,1
1382470440,1
1382470560,1
1382470740,2
1382470860,1
1382470980,1
1382471400,1
1382471520,1
1382471700,1
1382473320,1
1382473440,1
1382473800,1
1382474160,1
1382474460,1
1382475660,1
1382475720,1
1382475960,1
1382476140,1
1382476440,1
1382476800,1
1382478240,2
1382479440,1
1382479620,1
1382479800,1
1382481060,2
1382482140,1
1382482740,1
1382483100,3
1382483520,1
1382483700,1
1382483820,2
1382484240,1
1382484360,1
1382485800,1
1382486160,2
1382486580,1
1382488440,1
1382488560,1
1382488980,2
1382489100,2
1382492400,1
1382494920,1
1382495340,1
1382497500,1
1382503020,1
1382503200,1
1382511660,1
1382522400,1
1382522820,1
1382524380,1
1382525520,1
1382525760,1
1382526480,1
1382526960,1
1382528160,1
1382529840,1
1382530200,2
1382531340,1
1382531580,1
1382532120,1
1382532600,1
1382533020,1
1382533140,1
1382533260,1
1382533440,1
1382533560,1
1382533740,1
1382534340,1
1382536200,2
1382536380,2
1382536860,3
1382536980,1
1382537280,1
1382537940,1
1382538660,1
1382538720,1
1382539140,1
1382539380,1
1382539560,1
1382540280,1
1382540400,1
1382540460,1
1382542920,1
1382543040,1
1382543940,2
1382545800,1
1382546460,1
1382546520,1
1382546880,1
1382547360,1
1382549580,1
1382550300,1
1382550420,1
1382550840,1
1382551260,1
1382551560,1
1382551620,1
1382552220,2
1382552940,3
1382553060,1
1382553600,1
1382553780,1
1382554020,1
1382554140,1
1382554260,2
1382554320,1
1382554500,2
1382554860,1
1382556420,1
1382557320,1
1382557980,1
1382559000,2
1382559240,1
1382559720,1
1382560200,1
1382560260,2
1382560800,1
1382561460,2
1382561580,3
1382561700,2
1382562900,1
1382563080,1
1382563560,1
1382564520,1
1382564700,1
1382564820,2
1382565000,2
1382565240,2
1382565540,1
1382566320,1
1382566380,1
1382566680,2
1382566920,2
1382567100,1
1382567280,2
1382567400,2
1382568360,2
1382568540,1
1382568780,1
1382568840,1
1382569800,1
1382570640,2
1382571360,1
1382571840,1
1382572080,1
1382572200,1
1382572740,1
1382573220,1
1382574420,1
1382574600,1
1382576040,1
1382576640,1
1382576940,1
1382577240,1
1382578500,1
1382578680,1
1382579640,1
1382582340,1
1382587740,1
1382596380,1
1382609340,1
1382612100,1
1382612220,1
1382612820,1
1382613600,1
1382614140,1
1382614260,1
1382614620,1
1382615760,1
1382616420,1
1382616840,2
1382617680,1
1382617920,1
1382618220,1
1382618700,1
1382618820,1
1382619120,1
1382619180,1
1382619480,1
1382619900,1
1382620680,1
1382620800,1
1382621400,1
1382621880,1
1382622120,1
1382623020,1
1382624340,1
1382625300,2
1382626980,1
1382627340,1
1382628180,1
1382628600,1
1382628840,1
1382630280,1
1382631360,1
1382631720,1
1382632860,1
1382633280,1
1382634000,1
1382634300,1
1382634600,1
1382635800,1
1382635980,1
1382636760,1
1382636820,1
1382637180,1
1382637420,1
1382637720,1
1382637840,1
1382638440,1
1382638860,1
1382639700,1
1382639940,1
1382640180,1
1382641020,1
1382641440,1
1382641800,1
1382641980,1
1382642280,1
1382643060,1
1382643180,2
1382643840,1
1382644620,2
1382645160,1
1382647260,2
1382647800,2
1382648340,1
1382648400,1
1382648520,1
1382648640,2
1382648760,1
1382649180,2
1382649660,1
1382649900,1
1382650440,1
1382650680,2
1382650860,2
1382651040,1
1382651400,1
1382654160,1
1382654700,1
1382654820,1
1382655720,1
1382656020,3
1382656140,2
1382656320,4
1382656440,1
1382656560,1
1382656860,1
1382657520,1
1382657640,2
1382658000,2
1382658060,2
1382658360,2
1382659620,1
1382659740,1
1382660280,1
1382660400,1
1382662560,1
1382662980,1
1382665020,1
1382666640,1
1382668020,1
1382668260,1
1382669280,1
1382673600,1
1382675220,1
1382679540,1
1382690760,1
1382695740,1
1382698440,1
1382698800,1
1382698860,1
1382699700,1
1382699820,2
1382700960,1
1382702580,1
1382703540,1
1382703900,1
1382704140,1
1382704440,2
1382704620,3
1382705040,1
1382705220,1
1382705880,1
1382706480,1
1382706900,1
1382708160,2
1382708520,1
1382708640,2
1382708880,1
1382709000,1
1382709240,1
1382710440,2
1382711040,1
1382712360,1
1382712540,1
1382712660,1
1382713020,1
1382713620,1
1382713740,1
1382713800,1
1382715060,1
1382717520,2
1382718840,1
1382718960,2
1382721060,1
1382721540,2
1382721660,2
1382721720,2
1382722200,1
1382722380,1
1382724120,2
1382725380,1
1382725560,1
1382725980,1
1382726460,1
1382726520,1
1382726880,1
1382727120,1
1382728380,2
1382729580,1
1382730180,2
1382730300,1
1382730600,1
1382731080,1
1382731740,1
1382731860,1
1382732220,1
1382732520,1
1382732760,1
1382733660,1
1382733840,1
1382734320,1
1382734920,1
1382735220,1
1382735640,1
1382736180,1
1382736780,2
1382737860,3
1382738160,3
1382738520,1
1382738880,1
1382739420,1
1382739480,2
1382739900,1
1382740560,1
1382740620,1
1382743080,1
1382743320,1
1382744400,1
1382744520,1
1382746560,1
1382746920,1
1382747220,1
1382747280,1
1382747640,1
1382749500,1
1382749680,1
1382751060,1
1382751960,1
1382766360,1
1382767380,1
1382778420,1
1382790120,1
1382790660,1
1382791140,1
1382792100,1
1382793360,1
1382794800,1
1382794980,1
1382796060,1
1382799720,1
1382799960,1
1382800380,1
1382800560,1
1382800740,1
1382802240,1
1382802600,2
1382803980,1
1382804640,1
1382805120,2
1382805240,3
1382805540,1
1382806200,1
1382807220,1
1382807520,1
1382807580,2
1382809020,1
1382809920,1
1382810040,2
1382810220,2
1382810880,1
1382811360,1
1382811480,1
1382813040,1
1382813640,1
1382813880,1
1382814360,1
1382816520,2
1382816700,2
1382816820,2
1382817000,2
1382818260,2
1382819400,1
1382819820,1
1382821260,1
1382822040,1
1382822340,2
1382822520,2
1382824620,1
1382825580,1
1382825880,1
1382827920,1
1382829180,1
1382829900,1
1382830020,1
1382832900,1
1382836440,1
1382836980,3
1382838360,1
1382840640,2
1382840760,2
1382842440,1
1382843820,1
1382845500,1
1382846700,1
1382846880,1
1382847660,1
1382848860,1
1382849820,1
1382851200,1
1382853240,1
1382853720,1
1382854620,1
1382855580,1
1382862240,1
1382864040,1
1382864880,1
1382866020,1
1382870640,1
1382870760,1
1382876100,1
1382880720,1
1382885460,1
1382886120,1
1382886300,2
1382887500,1
1382887620,1
1382888160,1
1382888580,1
1382888940,1
1382889660,1
1382893500,2
1382894160,2
1382894220,1
1382895780,1
1382895900,1
1382896200,1
1382896680,1
1382896920,1
1382897640,1
1382898180,1
1382898540,2
1382898840,1
1382899800,1
1382900100,1
1382900460,1
1382901540,1
1382906160,1
1382906820,1
1382910180,1
1382911260,1
1382911440,1
1382913780,1
1382914440,1
1382914560,2
1382915760,1
1382915940,1
1382917200,1
1382917380,1
1382919240,1
1382922120,1
1382923860,1
1382924580,1
1382925420,1
1382925900,1
1382929380,1
1382930700,1
1382930820,1
1382931840,1
1382933880,1
1382952900,1
1382956560,2
1382956920,1
1382957640,1
1382957820,1
1382958060,1
1382959020,1
1382960580,1
1382962680,1
1382962980,1
1382963100,1
1382965080,1
1382965380,1
1382966220,1
1382966640,2
1382967240,1
1382967720,1
1382968200,2
1382969160,1
1382970180,1
1382970480,1
1382972160,1
1382973960,1
1382974860,1
1382975100,1
1382975280,1
1382975520,1
1382976420,1
1382976480,2
1382977560,3
1382978220,1
1382978400,1
1382979240,1
1382979540,1
1382979600,1
1382980200,1
1382980500,2
1382980800,1
1382980980,1
1382981220,2
1382981280,1
1382981520,1
1382981940,1
1382982540,1
1382983200,2
1382983500,2
1382983740,1
1382983920,1
1382984400,1
1382984820,1
1382984940,1
1382986800,1
1382987280,1
1382987580,1
1382988180,1
1382989380,1
1382989620,1
1382989860,1
1382990880,1
1382991300,1
1382991660,2
1382991900,1
1382993400,1
1382993520,1
1382993580,1
1382994000,1
1382994180,1
1382994540,1
1382995860,2
1382995920,1
1382996100,1
1382996580,1
1382997060,1
1382997780,1
1382998080,1
1382998320,1
1382999820,1
1383000660,1
1383000780,1
1383001080,1
1383002280,2
1383002580,3
1383003000,1
1383003120,1
1383003240,1
1383003480,1
1383003720,1
1383004440,1
1383005280,1
1383008760,1
1383009780,1
1383011940,1
1383012240,1
1383013020,1
1383013080,1
1383018780,1
1383027480,1
1383039420,1
1383041160,1
1383044100,1
1383044580,1
1383044820,1
1383045120,1
1383046740,1
1383048420,1
1383049320,2
1383050340,1
1383051060,1
1383051240,1
1383051900,1
1383052020,1
1383052080,1
1383052320,1
1383052980,1
1383053040,1
1383053280,1
1383053460,1
1383053640,1
1383054120,1
1383054360,1
1383054900,1
1383055260,1
1383056640,1
1383057420,1
1383057780,1
1383058080,1
1383058320,1
1383059040,1
1383059940,1
1383060180,1
1383060540,1
1383061260,1
1383062700,1
1383062820,2
1383063300,1
1383064860,1
1383066000,1
1383066540,1
1383066720,1
1383066840,1
1383066960,1
1383067380,2
1383067440,1
1383067920,1
1383069120,1
1383070320,2
1383071280,1
1383071520,1
1383072420,1
1383072600,1
1383072900,1
1383073380,2
1383074040,1
1383076140,1
1383076260,1
1383076320,1
1383076680,1
1383078900,1
1383080520,1
1383080580,1
1383080940,1
1383081060,1
1383081600,2
1383082200,1
1383082320,1
1383082620,4
1383082800,2
1383082920,2
1383083160,2
1383083400,1
1383083580,2
1383083940,1
1383084120,2
1383084180,2
1383084660,2
1383084840,2
1383085140,1
1383085620,1
1383085740,1
1383085860,2
1383086520,1
1383086940,1
1383087000,3
1383087300,1
1383087840,1
1383088440,1
1383088680,2
1383088860,1
1383088980,1
1383090180,1
1383092040,1
1383095220,1
1383095580,1
1383097260,1
1383098820,1
1383105900,1
1383108900,1
1383126000,1
1383127800,1
1383128520,1
1383129300,2
1383129480,2
1383130080,1
1383130320,1
1383130560,1
1383130680,1
1383131580,2
1383131940,1
1383132720,1
1383133980,1
1383134940,1
1383135480,1
1383135660,1
1383136800,2
1383137460,2
1383137580,1
1383137760,1
1383138000,1
1383138780,1
1383139140,1
1383139740,1
1383140160,1
1383140220,1
1383142320,1
1383143460,1
1383144240,1
1383144600,1
1383145200,1
1383145560,1
1383146340,1
1383146640,1
1383146940,1
1383147120,1
1383147600,2
1383147660,1
1383148260,1
1383148500,1
1383148800,1
1383148980,1
1383149160,1
1383150420,1
1383151140,1
1383151200,1
1383151980,1
1383152160,1
1383152580,1
1383152700,1
1383152880,1
1383153360,1
1383153480,2
1383153780,1
1383154320,1
1383154680,1
1383154980,2
1383155220,1
1383156060,1
1383156300,1
1383157140,1
1383157680,1
1383157980,1
1383158340,1
1383158700,1
1383158820,1
1383159060,1
1383159120,2
1383159180,1
1383159420,1
1383159480,1
1383160500,1
1383161760,1
1383162300,1
1383162420,1
1383162900,1
1383163200,1
1383163380,1
1383165180,1
1383165240,1
1383165420,1
1383167340,1
1383167520,1
1383167640,1
1383168360,4
1383168480,2
1383168660,2
1383168840,2
1383169020,3
1383169140,2
1383169200,3
1383169320,1
1383169500,1
1383169620,1
1383169680,4
1383169800,1
1383170280,1
1383171120,3
1383171300,1
1383171540,1
1383171660,1
1383172140,2
1383172380,1
1383172680,1
1383172860,1
1383173040,1
1383173520,1
1383173820,1
1383174660,1
1383175200,1
1383177240,1
1383177720,1
1383178260,1
1383178440,1
1383180120,1
1383183840,1
1383184140,4
1383184200,2
1383184260,1
1383186960,1
1383188040,1
1383189780,1
1383190740,1
1383191760,1
1383192780,2
1383194880,1
1383198120,2
1383214080,1
1383214500,1
1383216240,1
1383216900,1
1383217080,1
1383220440,1
1383221880,1
1383222960,1
1383223440,1
1383224580,1
1383224700,2
1383224820,1
1383225120,1
1383225960,1
1383226620,2
1383227280,1
1383229200,1
1383229380,1
1383230460,1
1383231420,1
1383232020,1
1383233400,1
1383233580,1
1383233640,1
1383233820,1
1383233880,1
1383234000,2
1383234360,1
1383234540,1
1383234720,1
1383234900,1
1383235140,1
1383236760,1
1383237060,1
1383237120,1
1383237240,2
1383237660,1
1383238380,1
1383241260,1
1383242040,1
1383242220,1
1383243120,2
1383243480,1
1383243540,1
1383243900,1
1383244140,1
1383244200,1
1383245160,1
1383245520,1
1383245940,1
1383246420,1
1383246600,1
1383246900,2
1383247680,1
1383248040,1
1383248760,1
1383248940,1
1383249780,1
1383250080,1
1383250200,2
1383250560,1
1383251220,1
1383251400,2
1383251820,1
1383252180,1
1383252960,1
1383253200,1
1383253620,1
1383253740,1
1383253860,2
1383254460,1
1383254580,1
1383255060,1
1383255300,2
1383255420,1
1383255540,1
1383255960,2
1383256440,2
1383256500,2
1383256560,1
1383256860,1
1383259320,1
1383259800,1
1383260280,1
1383261960,1
1383262620,1
1383263760,1
1383264120,1
1383264240,1
1383265500,1
1383265680,1
1383271020,1
1383272760,1
1383273300,1
1383273480,1
1383274380,1
1383284220,1
1383286560,1
1383292680,1
1383296820,1
1383300480,1
1383303180,1
1383303300,1
1383303960,1
1383304680,1
1383305100,1
1383305340,1
1383306360,1
1383306840,1
1383306960,1
1383308040,1
1383308160,1
1383308700,1
1383308760,1
1383311520,1
1383313260,1
1383313380,1
1383314040,1
1383314220,1
1383315000,1
1383316680,1
1383317760,1
1383318540,1
1383319740,1
1383319980,1
1383320460,2
1383320580,1
1383321060,1
1383321360,1
1383321480,1
1383321840,1
1383322380,1
1383322560,2
1383322860,1
1383323040,1
1383323520,2
1383323580,1
1383324180,1
1383324480,1
1383326580,2
1383326760,1
1383327240,1
1383327600,1
1383327900,1
1383329040,4
1383329220,1
1383329700,1
1383329940,1
1383330660,1
1383331140,1
1383331920,2
1383332700,1
1383334200,1
1383334440,1
1383334620,1
1383334920,1
1383336060,1
1383336420,1
1383336780,1
1383336960,2
1383337200,1
1383337260,1
1383337740,1
1383338220,2
1383339000,1
1383339360,1
1383339780,1
1383340020,2
1383340140,1
1383340380,1
1383340440,1
1383340680,2
1383341760,1
1383341940,1
1383342300,1
1383342780,1
1383342900,1
1383343260,1
1383343440,1
1383344460,2
1383344640,1
1383345240,1
1383345300,1
1383345360,1
1383347100,1
1383347280,1
1383348300,1
1383348780,1
1383349080,1
1383349320,1
1383350220,1
1383350280,1
1383350580,1
1383351060,1
1383351120,1
1383351300,2
1383351660,2
1383351780,1
1383352320,1
1383352440,1
1383352800,1
1383352860,1
1383354300,1
1383354840,1
1383355320,1
1383356220,1
1383356520,1
1383358560,1
1383359880,1
1383360540,1
1383361260,1
1383361380,1
1383361980,1
1383365760,1
1383367980,1
1383368220,1
1383375240,1
1383395820,1
1383397500,1
1383399120,1
1383399180,1
1383399840,2
1383401220,1
1383401340,1
1383402480,2
1383403080,1
1383404460,1
1383405720,1
1383405780,2
1383405960,1
1383407280,1
1383408120,1
1383409620,1
1383410040,1
1383410400,1
1383411060,1
1383411360,1
1383411660,1
1383412500,1
1383412680,1
1383412860,1
1383413100,1
1383413220,3
1383413400,1
1383414540,1
1383415740,1
1383415920,1
1383416040,1
1383416760,1
1383417660,1
1383417960,1
1383418140,2
1383418980,1
1383419700,1
1383419760,1
1383419880,1
1383420180,1
1383420780,1
1383420840,1
1383420900,1
1383421320,1
1383421740,1
1383421800,1
1383422700,1
1383422760,1
1383422820,1
1383423000,2
1383423300,1
1383423960,1
1383424560,1
1383425400,1
1383426000,1
1383426060,1
1383427860,1
1383428160,1
1383429120,1
1383430380,1
1383430980,1
1383431520,1
1383432000,1
1383432300,1
1383432360,1
1383432840,1
1383433140,1
1383433860,1
1383434280,1
1383434460,1
1383435000,1
1383435420,1
1383435660,1
1383436740,1
1383436920,2
1383436980,1
1383437880,1
1383439620,1
1383439680,1
1383441780,1
1383443340,1
1383443460,1
1383450000,2
1383450660,1
1383450780,1
1383451680,1
1383451980,1
1383452820,1
1383454020,1
1383454320,1
1383454380,1
1383454440,1
1383455100,1
1383457020,1
1383457620,1
1383457860,2
1383458520,6
1383465780,1
1383466980,1
1383467580,1
1383471720,1
1383472380,1
1383474780,1
1383475980,1
1383481320,1
1383482220,1
1383483060,1
1383484380,1
1383486720,2
1383487380,1
1383488280,2
1383489120,1
1383489420,1
1383490320,1
1383491100,1
1383492360,1
1383493080,1
1383493200,2
1383493620,1
1383493740,1
1383496380,1
1383496440,1
1383496860,1
1383498480,1
1383498780,1
1383499080,1
1383499200,2
1383499740,1
1383500700,2
1383501000,1
1383501120,1
1383501420,1
1383501780,1
1383502140,2
1383502260,1
1383503520,1
1383504120,1
1383505560,1
1383505740,1
1383505980,1
1383506160,1
1383506220,2
1383507300,1
1383508620,1
1383510420,1
1383511800,1
1383511980,1
1383512580,1
1383513420,1
1383514680,1
1383516420,1
1383516600,1
1383517200,1
1383519480,1
1383519600,2
1383520020,2
1383520800,1
1383520980,2
1383521160,1
1383521280,1
1383521580,1
1383522600,2
1383522780,1
1383523080,1
1383523500,1
1383524940,1
1383526380,1
1383526440,1
1383528120,1
1383528420,1
1383529260,1
1383530220,1
1383531600,1
1383531780,1
1383534780,1
1383538380,1
1383561480,1
1383562500,1
1383564960,1
1383565080,1
1383565200,1
1383565380,1
1383565860,1
1383565980,1
1383566100,1
1383566340,1
1383567900,1
1383568560,1
1383568860,1
1383569220,1
1383569340,1
1383569460,1
1383569700,1
1383569820,3
1383571260,1
1383572520,1
1383572700,3
1383572820,2
1383573060,1
1383573300,1
1383573540,1
1383573720,1
1383573960,1
1383574200,1
1383574260,2
1383574500,1
1383574980,2
1383575520,2
1383576060,1
1383577020,2
1383577320,1
1383578280,1
1383578340,1
1383578760,1
1383579960,1
1383580320,1
1383580560,1
1383581400,1
1383582240,1
1383583440,1
1383583860,1
1383586260,1
1383586620,1
1383586980,2
1383587640,2
1383587700,1
1383588360,1
1383589080,1
1383589680,1
1383590760,1
1383591540,1
1383591660,1
1383591900,1
1383592020,1
1383593520,1
1383595560,1
1383596160,1
1383596460,2
1383596940,1
1383598680,1
1383598860,1
1383599820,1
1383600720,1
1383602220,1
1383602760,1
1383602880,1
1383603180,3
1383604380,1
1383604860,1
1383604980,1
1383605040,1
1383605280,1
1383605400,1
1383606060,2
1383606480,1
1383607080,1
1383607500,2
1383608100,1
1383608580,1
1383608940,1
1383609660,1
1383610140,1
1383610440,1
1383610800,1
1383610920,2
1383611040,1
1383611460,1
1383612060,1
1383613020,1
1383613620,3
1383613800,1
1383614340,1
1383614460,1
1383616140,1
1383616560,1
1383621660,1
1383624720,1
1383626520,1
1383631260,1
1383652500,1
1383652620,1
1383653460,1
1383653880,1
1383654360,1
1383654720,1
1383654960,1
1383655080,1
1383655200,1
1383655620,1
1383656640,1
1383657060,1
1383657720,1
1383657960,1
1383658560,1
1383658740,2
1383660360,1
1383661080,3
1383661320,1
1383661740,2
1383661800,1
1383661920,1
1383662100,1
1383662160,1
1383662220,1
1383662760,1
1383664500,1
1383664740,1
1383665580,1
1383666300,1
1383667500,1
1383667680,1
1383668100,1
1383668580,1
1383669360,1
1383670320,1
1383670560,1
1383670620,1
1383670740,1
1383671580,1
1383671940,2
1383672600,1
1383672660,1
1383672960,1
1383673020,1
1383673140,1
1383673380,1
1383673620,1
1383673740,1
1383674100,1
1383675240,2
1383675420,1
1383675540,1
1383675960,1
1383676200,2
1383676260,1
1383676740,2
1383677040,1
1383677700,1
1383677940,2
1383678360,1
1383678960,1
1383679440,1
1383679740,1
1383680100,1
1383680520,1
1383680940,1
1383681120,1
1383682440,1
1383682800,2
1383682920,1
1383683100,1
1383683160,1
1383683400,1
1383683580,1
1383684120,1
1383684240,1
1383684420,1
1383684600,1
1383684780,1
1383685440,1
1383686880,1
1383687060,1
1383687180,1
1383687420,1
1383687840,1
1383688440,4
1383688920,2
1383689160,1
1383689400,1
1383689520,1
1383690720,1
1383690780,1
1383691200,1
1383691260,1
1383691680,1
1383691860,2
1383691980,2
1383692160,2
1383692520,2
1383692820,1
1383693060,1
1383693780,1
1383693900,2
1383694440,1
1383694620,1
1383694800,1
1383694920,1
1383695400,1
1383695700,1
1383695880,2
1383695940,1
1383696120,2
1383696180,1
1383696240,1
1383696720,1
1383697200,1
1383697740,1
1383698280,1
1383699120,1
1383699420,1
1383699720,1
1383700680,1
1383701040,1
1383702420,1
1383702720,1
1383703200,1
1383703320,1
1383704940,1
1383711120,1
1383713220,1
1383734400,1
1383737160,1
1383740460,1
1383740580,1
1383740700,1
1383741180,2
1383741300,1
1383741720,1
1383741840,1
1383742320,1
1383742680,1
1383742860,1
1383743040,1
1383743220,1
1383743340,1
1383743820,1
1383744600,1
1383744720,1
1383745020,1
1383745380,1
1383745680,1
1383745860,1
1383746280,2
1383746820,1
1383747180,2
1383747240,1
1383747720,1
1383748020,2
1383748500,1
1383748980,1
1383749040,1
1383749220,1
1383749400,1
1383751440,1
1383752220,1
1383752460,1
1383752580,1
1383752700,1
1383754080,1
1383754500,2
1383754920,1
1383754980,1
1383755520,2
1383756060,1
1383756120,2
1383758280,1
1383758400,2
1383758760,1
1383758940,1
1383759000,1
1383759480,1
1383759660,1
1383760200,1
1383760380,1
1383761820,1
1383762240,1
1383762660,1
1383763020,1
1383763740,1
1383763860,1
1383764100,2
1383764940,1
1383765060,1
1383766200,1
1383767160,1
1383767640,1
1383768060,1
1383768480,1
1383768660,1
1383769080,1
1383769200,3
1383769620,1
1383769860,1
1383770700,1
1383771420,1
1383771480,1
1383771720,1
1383772080,2
1383772560,1
1383773520,1
1383773580,1
1383774060,1
1383774360,1
1383775260,1
1383775440,1
1383775680,1
1383775800,2
1383776100,2
1383776220,2
1383776760,1
1383777120,1
1383777240,1
1383778140,1
1383778260,2
1383778320,1
1383778380,1
1383778680,2
1383779520,3
1383779640,1
1383779820,2
1383779940,1
1383780000,1
1383780360,1
1383780600,3
1383780840,2
1383781560,2
1383781620,2
1383782100,1
1383782280,1
1383782520,1
1383782580,1
1383782760,2
1383782820,1
1383782940,1
1383783240,3
1383783660,1
1383784140,2
1383784200,1
1383784260,1
1383784440,2
1383785400,1
1383785640,3
1383785700,1
1383788520,1
1383790320,1
1383793440,1
1383794760,1
1383795840,1
1383796440,1
1383797040,1
1383798660,1
1383799800,1
1383800280,1
1383803580,1
1383812820,1
1383823500,2
1383823860,1
1383824760,1
1383825180,1
1383825360,1
1383827160,1
1383828000,1
1383828240,1
1383828720,1
1383828960,1
1383829860,1
1383829920,1
1383830100,1
1383831540,1
1383831780,1
1383832020,2
1383832080,3
1383832140,1
1383832560,2
1383832740,1
1383832920,1
1383832980,1
1383834720,1
1383835080,1
1383835140,1
1383835740,1
1383835920,1
1383836040,1
1383836160,1
1383836400,1
1383836760,1
1383837480,1
1383839280,1
1383839400,1
1383839940,1
1383840660,1
1383844740,1
1383847860,1
1383849300,1
1383849540,1
1383850260,1
1383852360,1
1383853620,1
1383853980,1
1383854280,2
1383854760,1
1383855360,1
1383856260,1
1383856860,1
1383857100,1
1383857280,1
1383857520,1
1383858480,1
1383859920,1
1383859980,1
1383860220,1
1383861120,1
1383861780,1
1383862140,1
1383862200,2
1383862620,1
1383862740,1
1383862920,1
1383863160,1
1383863760,1
1383864000,1
1383864480,1
1383864780,1
1383864900,1
1383865140,1
1383865980,2
1383866280,1
1383866700,1
1383866940,1
1383867000,1
1383867180,2
1383867300,1
1383867480,2
1383867660,1
1383867720,1
1383868320,2
1383868560,2
1383868740,1
1383868800,1
1383869160,1
1383869640,1
1383870360,1
1383871860,1
1383872040,1
1383872700,1
1383873180,2
1383873900,1
1383874200,1
1383874560,2
1383874680,1
1383875700,1
1383876300,1
1383879780,1
1383880260,1
1383884640,1
1383886200,1
1383886860,1
1383889020,1
1383890040,1
1383894360,1
1383894660,1
1383911400,1
1383911700,1
1383913620,2
1383913740,1
1383913800,1
1383915180,1
1383915600,1
1383917940,1
1383918120,2
1383918180,1
1383918780,1
1383918960,2
1383919080,2
1383919140,1
1383919740,1
1383920400,1
1383920760,1
1383921780,1
1383921960,1
1383922080,1
1383922740,1
1383923640,2
1383923760,2
1383924060,1
1383924660,1
1383925740,1
1383926700,1
1383928740,1
1383928860,1
1383929760,1
1383931380,1
1383931560,1
1383931680,1
1383932220,1
1383932880,2
1383933300,1
1383933420,1
1383933840,1
1383934620,2
1383934740,1
1383934800,1
1383935220,1
1383935280,2
1383935760,1
1383936120,2
1383936840,1
1383936900,1
1383937080,1
1383937320,3
1383937620,1
1383937800,2
1383937920,1
1383938400,1
1383938520,1
1383939060,1
1383939840,1
1383941160,1
1383941640,1
1383941880,1
1383942240,1
1383942360,1
1383943320,1
1383945000,1
1383946200,1
1383946980,1
1383947280,2
1383948180,2
1383948360,1
1383948840,1
1383949380,1
1383949860,2
1383949920,1
1383950160,1
1383950940,1
1383951360,2
1383952500,1
1383952980,1
1383953940,1
1383954060,1
1383954300,2
1383954420,1
1383954840,2
1383955260,3
1383955440,1
1383955560,2
1383955680,1
1383955800,1
1383956280,1
1383956580,1
1383956760,2
1383957300,1
1383957780,1
1383958680,1
1383958800,2
1383959100,1
1383959220,1
1383959280,1
1383959580,1
1383959820,1
1383960420,1
1383960960,1
1383961080,1
1383961320,1
1383963060,2
1383964620,1
1383964980,1
1383965160,1
1383965820,1
1383966480,1
1383966960,1
1383967560,1
1383969720,1
1383969960,1
1383970440,1
1383995940,1
1383999960,1
1384004400,1
1384008900,1
1384009320,1
1384010160,1
1384010280,1
1384011120,1
1384011180,1
1384014840,1
1384015320,2
1384016220,1
1384017720,1
1384018920,2
1384019940,1
1384020720,1
1384020840,1
1384020960,1
1384021080,2
1384021500,1
1384022280,1
1384022520,2
1384022640,1
1384022760,1
1384024440,1
1384025040,2
1384025520,1
1384025880,1
1384026300,1
1384026540,1
1384026720,2
1384026900,1
1384027560,2
1384027920,2
1384028160,1
1384030680,1
1384030980,1
1384031160,1
1384031340,1
1384032720,1
1384037520,1
1384037640,1
1384038480,2
1384039560,1
1384040460,1
1384040640,1
1384041900,1
1384042320,2
1384043280,1
1384044360,1
1384045680,1
1384047000,1
1384048080,1
1384050240,1
1384051260,1
1384053180,1
1384054560,2
1384056660,1
1384057200,1
1384058220,1
1384061520,1
1384084860,1
1384085220,1
1384085520,1
1384086660,1
1384087560,1
1384088400,1
1384088760,1
1384093920,1
1384094100,1
1384094160,1
1384096380,1
1384097160,1
1384100220,1
1384100400,1
1384101480,1
1384101720,1
1384102260,1
1384102440,1
1384103100,1
1384103220,1
1384105920,1
1384106100,1
1384106280,1
1384106760,2
1384106880,1
1384107240,2
1384107360,2
1384107900,1
1384108020,1
1384108920,1
1384110180,1
1384110420,2
1384111740,1
1384111980,1
1384112580,1
1384112820,1
1384113660,1
1384113840,2
1384114560,1
1384116420,1
1384116720,2
1384117560,1
1384117860,1
1384118520,1
1384118760,1
1384119120,1
1384119300,1
1384119720,1
1384121040,1
1384122840,1
1384124580,1
1384125060,1
1384125420,1
1384125600,1
1384127160,1
1384127220,1
1384129800,1
1384130520,1
1384132560,1
1384133280,1
1384134240,1
1384135200,1
1384135440,1
1384136520,1
1384136580,1
1384136880,1
1384137660,1
1384138080,1
1384141620,1
1384143120,1
1384144140,1
1384153320,1
1384161240,1
1384169940,1
1384170600,1
1384170840,1
1384170960,1
1384172940,1
1384173180,1
1384174020,1
1384174260,1
1384174500,1
1384174560,1
1384174800,1
1384174980,1
1384175880,1
1384176240,2
1384176600,2
1384176660,1
1384177140,2
1384177560,2
1384177620,1
1384178460,1
1384178880,1
1384179360,1
1384179420,1
1384179960,1
1384180200,2
1384180680,1
1384180860,1
1384181100,1
1384181400,1
1384181580,1
1384182600,1
1384183260,1
1384183440,1
1384184520,1
1384185540,1
1384187100,1
1384187760,3
1384187940,2
1384188060,1
1384188180,1
1384188420,1
1384188720,3
1384188840,1
1384189380,1
1384189980,2
1384190100,2
1384190160,1
1384190760,1
1384191480,1
1384191600,1
1384192620,1
1384193280,1
1384194720,1
1384196340,2
1384196400,1
1384196460,1
1384197000,2
1384197120,1
1384197300,1
1384197600,2
1384198620,2
1384198920,1
1384200600,1
1384200960,1
1384201500,1
1384202220,1
1384202580,1
1384203240,1
1384203300,1
1384203480,1
1384203600,2
1384203720,3
1384204320,2
1384204500,1
1384205640,1
1384205820,1
1384205940,1
1384206240,1
1384206300,1
1384206780,1
1384207260,1
1384207440,2
1384207920,3
1384208040,1
1384208400,1
1384208820,1
1384208880,1
1384209060,2
1384209240,1
1384209360,2
1384209600,1
1384210260,1
1384210500,1
1384210620,2
1384210920,3
1384211220,1
1384211340,3
1384211640,1
1384211760,1
1384211820,1
1384211880,1
1384212000,1
1384212180,1
1384212480,2
1384212660,1
1384212780,1
1384212840,1
1384213080,2
1384213620,2
1384213920,1
1384214040,3
1384214340,3
1384214760,1
1384214820,1
1384215060,1
1384215360,1
1384216320,3
1384216560,1
1384216680,1
1384216860,1
1384216980,1
1384217040,1
1384219020,2
1384219500,1
1384219680,1
1384220820,1
1384221480,1
1384222140,1
1384223700,1
1384223880,1
1384224240,1
1384226100,1
1384228080,2
1384228200,2
1384228500,1
1384229400,1
1384233360,1
1384257300,1
1384257540,2
1384259700,1
1384261080,2
1384263000,1
1384264080,1
1384265220,1
1384265520,1
1384265700,1
1384266000,1
1384266660,1
1384267020,1
1384270560,1
1384271220,3
1384271520,2
1384271640,1
1384272120,1
1384272240,1
1384272600,1
1384273200,1
1384273980,1
1384274940,1
1384275000,1
1384275240,1
1384276980,1
1384278180,1
1384278420,1
1384278900,1
1384279260,1
1384279800,1
1384280400,2
1384280580,1
1384280820,1
1384281480,1
1384281540,1
1384281780,1
1384281900,1
1384281960,1
1384282500,1
1384284660,1
1384284960,1
1384285380,1
1384285800,1
1384286400,1
1384287060,1
1384288320,1
1384289700,1
1384290000,1
1384291500,1
1384292880,2
1384293360,1
1384293960,1
1384294500,1
1384294860,1
1384295040,1
1384295160,1
1384295340,2
1384295760,2
1384295880,1
1384296180,1
1384296360,1
1384297620,2
1384297920,1
1384298160,2
1384298340,1
1384298700,1
1384298820,1
1384299240,2
1384299360,1
1384299420,1
1384299600,1
1384299720,1
1384299780,1
1384300500,1
1384300620,1
1384301040,2
1384301280,1
1384301700,2
1384302600,2
1384303020,1
1384303560,1
1384303800,1
1384304160,1
1384305420,1
1384305480,1
1384312320,1
1384317840,1
1384338480,1
1384343100,1
1384345500,1
1384345800,1
1384346340,1
1384347000,1
1384347480,1
1384347660,1
1384348620,1
1384349040,1
1384350360,1
1384350480,1
1384350720,1
1384350900,1
1384351860,1
1384351920,1
1384352220,1
1384352640,1
1384353060,2
1384353120,1
1384353660,1
1384354020,1
1384354680,1
1384354980,1
1384355400,2
1384355700,1
1384357080,1
1384357500,1
1384357740,1
1384358700,1
1384358880,1
1384359780,1
1384361820,1
1384361940,1
1384362060,1
1384362180,1
1384362840,1
1384363980,1
1384364940,1
1384365060,1
1384366440,1
1384367400,1
1384367700,1
1384367880,1
1384368840,1
1384369620,1
1384370340,1
1384370760,1
1384372080,1
1384372380,1
1384372560,1
1384372860,2
1384372920,1
1384373160,1
1384373340,1
1384373640,2
1384373820,1
1384374120,2
1384374660,2
1384375020,1
1384375080,1
1384375440,1
1384375560,2
1384375920,1
1384376700,1
1384376820,1
1384378380,1
1384378620,1
1384378980,1
1384379220,1
1384379580,1
1384379820,1
1384380000,1
1384380180,1
1384380360,1
1384380480,1
1384380840,1
1384380960,2
1384381020,1
1384381140,1
1384381740,1
1384382280,2
1384382400,1
1384382880,3
1384383420,1
1384384440,1
1384384620,1
1384384740,2
1384385940,2
1384386120,1
1384386240,1
1384386420,1
1384386540,1
1384387020,1
1384387200,1
1384387560,1
1384388400,1
1384388880,1
1384389000,2
1384389300,1
1384389360,1
1384389480,1
1384390380,1
1384391640,1
1384391820,1
1384391940,1
1384392240,1
1384392300,1
1384393620,1
1384393680,2
1384394280,1
1384395180,1
1384395240,2
1384395840,1
1384395900,1
1384396380,1
1384396620,1
1384397460,1
1384401600,1
1384402080,1
1384404720,1
1384404840,1
1384405140,1
1384405560,1
1384429980,1
1384430340,1
1384430580,1
1384431480,1
1384431840,1
1384432740,1
1384434060,1
1384434660,1
1384434840,1
1384434900,1
1384436220,1
1384436580,1
1384436640,1
1384437300,2
1384437480,1
1384437900,1
1384438080,1
1384438200,1
1384438800,1
1384439520,1
1384439700,1
1384440180,1
1384440300,1
1384441380,1
1384441920,2
1384442280,1
1384443660,1
1384444140,1
1384444920,1
1384445460,1
1384447020,1
1384447200,1
1384447440,1
1384447560,1
1384447740,2
1384448340,1
1384448700,1
1384449060,1
1384449180,1
1384449240,1
1384449480,1
1384450680,1
1384451220,1
1384451400,2
1384453080,1
1384454160,1
1384455480,1
1384456740,1
1384456860,1
1384457760,1
1384458060,1
1384459860,1
1384460160,1
1384461000,1
1384462260,1
1384462920,1
1384463040,1
1384463220,1
1384463340,1
1384463520,1
1384463880,1
1384464240,1
1384464420,1
1384465440,2
1384465620,1
1384466160,1
1384466340,1
1384467180,1
1384467360,1
1384467420,2
1384467480,1
1384467840,1
1384467960,1
1384468500,1
1384468860,1
1384469520,1
1384470180,1
1384470360,1
1384470600,1
1384471620,1
1384471740,3
1384472220,1
1384472520,1
1384472820,2
1384473120,1
1384473840,1
1384473900,1
1384473960,1
1384474080,2
1384474200,2
1384475160,2
1384475340,2
1384475520,1
1384475700,1
1384475760,1
1384475940,1
1384476360,2
1384477080,1
1384477740,1
1384477800,1
1384477980,1
1384478580,1
1384479840,1
1384479960,1
1384480080,1
1384480440,1
1384481100,1
1384481280,1
1384481880,1
1384481940,1
1384482960,2
1384484640,1
1384486080,1
1384486260,1
1384486740,1
1384487220,1
1384488780,1
1384489200,1
1384489380,1
1384489800,1
1384495800,1
1384497300,1
1384502280,1
1384516320,1
1384516500,1
1384517280,2
1384517880,1
1384518240,1
1384518660,1
1384518720,1
1384518840,1
1384518960,1
1384520220,1
1384520400,1
1384521180,1
1384521420,1
1384521780,2
1384521900,3
1384522140,1
1384522320,1
1384522860,2
1384523700,1
1384524120,1
1384525020,1
1384525500,1
1384525560,1
1384525980,1
1384526760,1
1384526940,1
1384527060,1
1384527120,1
1384527420,1
1384528500,1
1384528980,1
1384530240,1
1384530720,1
1384531860,1
1384532100,1
1384532700,1
1384533480,1
1384533780,1
1384534380,1
1384534500,1
1384534680,1
1384536540,1
1384537020,2
1384537200,2
1384537800,1
1384538340,1
1384538580,3
1384538940,2
1384539240,1
1384539360,1
1384539540,2
1384539660,1
1384541040,1
1384541640,1
1384542360,1
1384542540,1
1384542720,1
1384543080,1
1384543680,1
1384544160,1
1384545180,1
1384546080,1
1384546620,1
1384546740,2
1384546860,1
1384548420,1
1384548480,1
1384548660,1
1384549620,1
1384550400,3
1384550520,2
1384550640,1
1384550820,2
1384553340,1
1384553580,2
1384553700,1
1384553940,1
1384554480,1
1384554720,1
1384554780,1
1384554960,2
1384555020,1
1384555260,2
1384555380,1
1384555500,1
1384555620,1
1384555860,1
1384556040,1
1384556160,2
1384556280,1
1384556460,1
1384556580,1
1384556760,1
1384557300,1
1384557600,1
1384558200,1
1384558320,1
1384558500,1
1384558800,2
1384560480,1
1384560600,2
1384560780,2
1384561560,2
1384561740,1
1384562280,1
1384564500,2
1384564680,2
1384564920,1
1384566540,1
1384567800,1
1384568340,1
1384568460,1
1384568520,1
1384569060,1
1384569540,1
1384570200,1
1384571220,1
1384571640,1
1384571760,1
1384574340,1
1384574580,1
1384574940,1
1384577460,1
1384578840,1
1384582620,1
1384586700,1
1384595340,1
1384606920,1
1384608120,1
1384609740,1
1384610520,1
1384610760,1
1384612200,1
1384613160,1
1384613340,1
1384614120,1
1384614300,1
1384615200,1
1384615380,2
1384615560,2
1384615980,2
1384618440,1
1384618500,1
1384618620,1
1384618980,1
1384619160,1
1384619400,1
1384619580,1
1384620480,1
1384620660,1
1384621020,1
1384621440,1
1384622040,1
1384622400,1
1384623240,2
1384623480,1
1384623960,1
1384624620,1
1384624740,1
1384625100,1
1384625400,2
1384625580,1
1384626000,1
1384626060,1
1384627620,3
1384627860,3
1384628520,1
1384628940,1
1384629300,1
1384629480,1
1384629840,1
1384631100,1
1384631280,1
1384631340,2
1384631940,1
1384632120,1
1384632600,1
1384633320,1
1384633860,2
1384634280,1
1384635600,1
1384635840,3
1384635900,1
1384636200,1
1384636500,1
1384639500,1
1384639740,2
1384640100,2
1384640880,1
1384641060,1
1384641540,1
1384642440,1
1384642620,1
1384642680,1
1384643160,1
1384643400,1
1384643820,1
1384644300,1
1384644960,1
1384646040,1
1384649700,1
1384651560,1
1384652100,1
1384652160,1
1384655280,1
1384655880,1
1384656240,1
1384656960,1
1384659780,1
1384660380,1
1384661520,1
1384664280,2
1384671600,1
1384672980,1
1384673220,1
1384673820,1
1384678200,1
1384692900,2
1384693320,1
1384697100,1
1384698360,2
1384699920,1
1384700460,1
1384702500,1
1384702680,1
1384703880,1
1384704240,1
1384704360,1
1384707420,1
1384707720,2
1384708680,1
1384709100,1
1384709280,1
1384711380,1
1384711500,3
1384711680,1
1384711860,1
1384713780,1
1384714200,1
1384715760,1
1384718160,1
1384719060,1
1384720020,1
1384721220,1
1384721340,2
1384723500,1
1384724700,1
1384725360,1
1384726980,2
1384727100,2
1384727280,1
1384727460,2
1384727580,1
1384728300,1
1384728660,1
1384728840,1
1384729140,1
1384729620,1
1384732380,1
1384732800,1
1384737900,1
1384738800,1
1384738860,1
1384755000,1
1384773840,1
1384773960,1
1384775520,1
1384777140,1
1384777800,1
1384778160,1
1384778280,1
1384778580,1
1384779240,1
1384779420,1
1384779540,1
1384779660,1
1384780320,1
1384780860,1
1384782240,1
1384782360,2
1384782480,1
1384782720,2
1384782960,1
1384783380,1
1384783500,1
1384783680,1
1384783740,1
1384783800,1
1384784160,2
1384784220,2
1384784280,1
1384784520,1
1384784700,1
1384785000,1
1384785180,2
1384785480,1
1384785660,1
1384785720,1
1384786260,1
1384786680,1
1384787280,1
1384788240,1
1384789260,2
1384789860,2
1384789980,2
1384790340,1
1384790460,1
1384790640,1
1384790880,2
1384791240,1
1384791540,1
1384793340,1
1384794540,1
1384794660,1
1384795500,1
1384795800,1
1384796400,1
1384796580,2
1384796700,1
1384797720,1
1384798860,1
1384798980,1
1384799220,1
1384799940,1
1384800120,1
1384800960,3
1384801680,1
1384801740,1
1384802160,1
1384802820,1
1384803300,1
1384803600,1
1384804680,1
1384805220,2
1384805460,1
1384806180,2
1384806360,1
1384807860,1
1384808280,1
1384808820,1
1384809240,1
1384809600,1
1384810260,1
1384810440,3
1384810680,1
1384810740,1
1384810920,1
1384811100,1
1384811580,1
1384811640,1
1384812240,1
1384812420,1
1384812900,2
1384813260,2
1384813380,4
1384813500,5
1384813620,2
1384813800,1
1384813980,1
1384814280,1
1384815000,1
1384815300,1
1384815540,2
1384815960,1
1384816080,2
1384816320,2
1384816500,2
1384817040,1
1384817400,1
1384818360,3
1384818540,2
1384818600,1
1384819380,3
1384819560,1
1384819860,1
1384820400,1
1384821840,1
1384824360,1
1384825380,1
1384826400,4
1384832160,1
1384833300,1
1384834320,1
1384836480,1
1384842240,2
1384848360,1
1384860600,1
1384861140,1
1384861260,1
1384861560,1
1384862100,1
1384862160,1
1384863300,1
1384863900,1
1384864680,1
1384864800,1
1384864860,1
1384865040,1
1384865220,1
1384865880,1
1384867860,1
1384868280,1
1384868520,1
1384868580,2
1384869060,1
1384869240,2
1384869480,1
1384869720,1
1384869960,1
1384870020,1
1384870860,1
1384871400,1
1384872720,2
1384873140,1
1384873380,1
1384873440,1
1384873500,1
1384873680,1
1384874880,1
1384875660,1
1384875900,1
1384876140,1
1384877160,1
1384878000,1
1384879080,1
1384879500,1
1384879740,1
1384880040,1
1384880220,1
1384880400,1
1384880580,1
1384880760,1
1384881540,2
1384881660,1
1384882440,1
1384883340,1
1384885440,1
1384886220,1
1384886400,1
1384889160,1
1384889940,1
1384890060,1
1384890180,2
1384890300,3
1384890960,1
1384891380,2
1384893180,1
1384893660,1
1384893780,1
1384893960,1
1384894260,1
1384894980,2
1384895100,1
1384896600,1
1384897020,3
1384897260,1
1384897320,2
1384897620,1
1384897680,1
1384897920,1
1384898160,1
1384898220,1
1384898700,1
1384898880,1
1384899000,1
1384899300,1
1384901400,1
1385589240,1
1385589600,1
1385589780,1
1385590080,1
1385590140,1
1385590800,1
1385598480,1
1385598840,1
1385601540,1
1385601900,1
1385602080,1
1385603280,1
1385604480,1
1385604540,1
1385608200,1
1385612040,1
1385612160,1
1385613000,1
1385613900,1
1385614320,1
1385616300,1
1385616900,1
1385616960,1
1385633880,1
1385646780,1
1385647080,1
1385651280,1
1385651520,1
1385651580,1
1385652900,1
1385653500,1
1385654820,1
1385655600,1
1385656320,1
1385657700,1
1385657760,1
1385658420,1
1385659620,1
1385660820,1
1385664180,1
1385666940,1
1385667000,2
1385667720,1
1385667780,1
1385678160,1
1385687220,1
1385697240,1
1385700660,1
1385703240,1
1385726100,1
1385726580,1
1385732640,1
1385733960,1
1385734020,1
1385738160,1
1385740080,1
1385741580,1
1385742180,1
1385743380,1
1385743980,1
1385746080,1
1385746320,1
1385746560,1
1385746620,1
1385747280,1
1385747700,1
1385748540,1
1385748600,1
1385751660,1
1385752200,1
1385753280,1
1385754060,1
1385754180,1
1385756100,2
1385756220,1
1385759760,1
1385759880,1
1385760660,1
1385761680,1
1385765640,1
1385771700,1
1385778300,1
1385779260,1
1385779380,1
1385782020,1
1385783580,1
1385784120,1
1385785980,1
1385788140,1
1385788200,1
1385791500,1
1385792640,1
1385793360,1
1385822580,1
1385823420,1
1385823780,2
1385824380,1
1385825400,1
1385825580,1
1385828040,1
1385828940,1
1385831280,1
1385837940,1
1385839080,1
1385840340,1
1385840820,1
1385841900,1
1385843580,1
1385844180,1
1385844600,1
1385844780,1
1385845380,1
1385847540,1
1385848740,1
1385848860,1
1385849100,2
1385851320,1
1385851980,1
1385853240,1
1385854140,2
1385856000,1
1385860320,1
1385865000,1
1385868660,1
1385890320,1
1385899080,1
1385903580,2
1385906340,1
1385906400,1
1385906700,1
1385907000,1
1385907060,1
1385908260,1
1385910960,1
1385911560,1
1385913540,1
1385914020,1
1385917560,1
1385917860,1
1385918820,1
1385920680,1
1385922240,1
1385922360,1
1385923980,1
1385925000,1
1385925900,1
1385926080,1
1385926440,1
1385926560,1
1385927040,1
1385927880,1
1385928000,1
1385928660,1
1385928720,1
1385928780,1
1385931060,1
1385932500,1
1385932800,1
1385933100,1
1385933520,1
1385934240,1
1385934600,1
1385934780,1
1385935380,1
1385936340,1
1385936700,1
1385937120,1
1385937780,1
1385938200,1
1385938260,1
1385938440,1
1385939700,1
1385940180,1
1385942220,1
1385943060,1
1385943300,1
1385944320,1
1385945340,1
1385946420,1
1385950320,1
1385950680,1
1385951280,1
1385954160,1
1385954280,1
1385956260,1
1385956320,1
1385980260,1
1385985360,1
1385985480,1
1385987040,1
1385987160,1
1385987280,1
1385988000,1
1385988180,2
1385988720,1
1385989080,1
1385989800,1
1385990160,1
1385990580,1
1385990700,1
1385991180,1
1385991360,2
1385991420,1
1385992920,2
1385992980,2
1385993460,1
1385993580,2
1385993940,1
1385994060,1
1385994300,1
1385994780,1
1385995620,1
1385996160,1
1385996700,1
1385997600,1
1385998440,1
1385998500,1
1385999400,1
1385999460,1
1385999760,1
1386000720,1
1386001620,1
1386002940,1
1386003420,1
1386004680,1
1386005160,1
1386005220,1
1386005700,1
1386006180,1
1386006240,1
1386007080,1
1386007680,1
1386008160,1
1386008340,1
1386008460,1
1386009840,1
1386010380,1
1386010620,1
1386011340,1
1386012780,1
1386013440,1
1386013800,2
1386014160,1
1386014460,1
1386014760,1
1386016440,1
1386017520,1
1386017580,1
1386018060,1
1386018600,1
1386018780,1
1386018900,1
1386019140,1
1386019560,1
1386019620,1
1386021960,1
1386022020,1
1386022200,1
1386022740,1
1386023640,1
1386023700,1
1386023940,1
1386024060,1
1386024120,1
1386024780,1
1386024840,1
1386025560,1
1386025680,1
1386026220,2
1386026460,1
1386026820,1
1386026880,3
1386027120,1
1386027240,1
1386027360,1
1386027540,1
1386027840,1
1386028260,1
1386028560,2
1386028860,1
1386030180,1
1386030960,4
1386031380,1
1386031440,1
1386031800,1
1386032280,1
1386033060,1
1386033960,1
1386034500,1
1386034680,1
1386035400,1
1386035520,1
1386035880,1
1386035940,1
1386036900,1
1386037380,1
1386038220,1
1386038760,1
1386039240,1
1386039360,1
1386039900,1
1386043320,1
1386047100,1
1386062580,1
1386071580,1
1386072660,2
1386072960,1
1386073560,1
1386074280,1
1386074340,1
1386074760,1
1386075960,2
1386076080,1
1386076500,1
1386076920,1
1386076980,1
1386077280,2
1386077700,1
1386077820,2
1386077940,1
1386078420,1
1386078660,1
1386078840,1
1386079260,1
1386079860,1
1386080280,1
1386080520,1
1386080880,1
1386081960,2
1386083160,1
1386084120,1
1386084240,1
1386084600,1
1386085020,1
1386086160,2
1386088920,1
1386090420,1
1386090660,1
1386091380,1
1386091680,1
1386091740,1
1386091800,1
1386092700,1
1386094440,1
1386094860,1
1386095340,1
1386096720,1
1386096840,1
1386096900,1
1386097080,1
1386097860,1
1386098100,1
1386098460,1
1386099000,1
1386099300,1
1386099480,1
1386099660,2
1386100020,1
1386100080,2
1386101700,1
1386101880,1
1386102060,1
1386102360,1
1386102600,1
1386103980,1
1386104160,1
1386104460,1
1386105000,1
1386105180,1
1386106380,1
1386107160,1
1386108420,1
1386108480,1
1386108540,1
1386109080,1
1386109440,1
1386109500,1
1386109680,1
1386110040,2
1386110220,1
1386110520,1
1386111540,1
1386111600,1
1386111660,1
1386111900,1
1386112680,1
1386113160,1
1386113280,1
1386113460,2
1386113760,1
1386113880,2
1386114180,2
1386114480,1
1386115080,1
1386115140,1
1386115800,1
1386115980,1
1386116580,1
1386116640,1
1386117120,1
1386117480,1
1386117540,1
1386118380,1
1386120000,1
1386120120,1
1386120540,1
1386121200,1
1386123480,1
1386124080,1
1386127680,1
1386128280,1
1386131220,1
1386131400,1
1386137340,1
1386156540,1
1386158040,1
1386158160,1
1386159240,1
1386159960,1
1386160680,2
1386160860,1
1386162180,1
1386163980,1
1386164280,1
1386164940,1
1386165060,2
1386165360,2
1386166500,1
1386166560,1
1386166740,1
1386167520,1
1386167640,1
1386168180,1
1386169200,2
1386170280,1
1386171420,1
1386171780,1
1386171900,1
1386172440,1
1386172860,1
1386172980,1
1386174360,1
1386174600,21
1386175260,1
1386176880,2
1386177480,1
1386178260,1
1386178680,1
1386179280,1
1386179520,1
1386180000,1
1386180060,1
1386180540,1
1386180900,1
1386181260,1
1386181380,1
1386181440,1
1386181680,1
1386181740,1
1386181860,1
1386182160,1
1386182400,1
1386182460,1
1386182580,1
1386182880,1
1386183300,1
1386183780,1
1386183960,1
1386184980,1
1386185220,1
1386185280,1
1386185340,1
1386185820,1
1386186300,1
1386186480,2
1386187320,1
1386187380,1
1386187980,1
1386188040,1
1386188100,2
1386188700,1
1386189060,1
1386189780,1
1386189900,1
1386190380,1
1386190800,1
1386191400,1
1386191460,1
1386191640,1
1386191880,2
1386192060,1
1386192180,1
1386192240,1
1386192540,1
1386192840,1
1386193920,1
1386194220,1
1386194760,2
1386195120,2
1386195180,1
1386195360,1
1386195840,1
1386196380,1
1386196800,2
1386196920,1
1386197640,1
1386197820,1
1386198120,2
1386198180,1
1386198240,1
1386198660,2
1386199320,1
1386200100,1
1386200400,1
1386200700,1
1386200760,1
1386200880,1
1386201000,1
1386201360,1
1386202140,1
1386202320,1
1386202560,1
1386202740,1
1386203160,1
1386203580,1
1386204480,2
1386204840,1
1386205440,1
1386206160,1
1386206280,1
1386206700,1
1386207360,1
1386207600,1
1386208260,1
1386208500,1
1386209460,1
1386209880,1
1386210000,1
1386212040,1
1386213600,1
1386215160,1
1386216000,1
1386219060,3
1386220140,1
1386244140,1
1386244380,1
1386244440,1
1386244860,1
1386245160,1
1386246360,1
1386246420,1
1386247200,1
1386247380,1
1386247860,1
1386248100,1
1386248460,1
1386250080,1
1386250200,1
1386251340,1
1386251400,1
1386251460,1
1386251700,1
1386251880,1
1386252420,1
1386252600,1
1386252840,1
1386253920,1
1386254160,2
1386254220,1
1386254340,1
1386254460,1
1386254880,1
1386256020,1
1386257100,1
1386258000,1
1386258060,1
1386258180,1
1386258420,1
1386260400,1
1386260940,1
1386261840,1
1386262080,1
1386262740,1
1386263040,2
1386264120,1
1386264360,1
1386264420,1
1386264720,1
1386264900,1
1386265140,1
1386265860,1
1386266040,1
1386266760,1
1386267120,1
1386267720,1
1386268200,1
1386268440,1
1386268800,1
1386268980,1
1386270120,2
1386270780,1
1386271020,1
1386271200,1
1386271860,1
1386271980,1
1386272400,1
1386273060,1
1386273240,1
1386273780,1
1386275160,1
1386275460,1
1386275940,1
1386276720,1
1386276780,1
1386277200,1
1386277560,1
1386277860,1
1386278040,1
1386278160,1
1386278220,1
1386278700,1
1386279420,1
1386279720,1
1386280140,1
1386280260,2
1386280380,1
1386280440,1
1386280500,1
1386281580,1
1386281880,1
1386282480,1
1386283080,1
1386283140,1
1386283380,1
1386283680,1
1386285360,1
1386286380,1
1386286560,1
1386286680,1
1386286740,1
1386287100,1
1386287520,1
1386287580,1
1386289380,1
1386289680,1
1386292440,1
1386292560,1
1386293580,1
1386293820,1
1386293880,1
1386301020,1
1386303060,1
1386303600,1
1386305100,1
1386306240,1
1386307260,1
1386311280,1
1386315300,1
1386315480,1
1386323940,1
1386330900,2
1386333000,2
1386333660,1
1386334080,1
1386336120,1
1386336360,1
1386336960,1
1386339660,1
1386339720,1
1386341460,1
1386341880,1
1386342480,1
1386343380,1
1386344280,1
1386344880,1
1386345060,1
1386345780,1
1386346620,1
1386346980,1
1386348480,1
1386348840,1
1386349140,1
1386349980,1
1386350340,1
1386352620,1
1386354180,1
1386354900,1
1386355980,1
1386356700,1
1386356940,1
1386357180,1
1386358980,1
1386359340,1
1386359880,1
1386361140,1
1386361680,1
1386362580,1
1386362820,1
1386363780,1
1386364680,1
1386365640,1
1386365760,1
1386366780,1
1386367380,1
1386367620,1
1386367680,1
1386368940,1
1386369000,1
1386369480,1
1386369600,3
1386370080,1
1386370560,1
1386370980,1
1386371340,1
1386371580,1
1386371700,1
1386372120,1
1386373200,1
1386374580,1
1386378180,1
1386378840,1
1386379260,1
1386379680,1
1386380580,1
1386381480,2
1386382980,1
1386384180,1
1386386580,1
1386388380,1
1386390780,1
1386391380,1
1386392580,1
1386394380,1
1386394980,1
1386396180,1
1386397080,1
1386399780,1
1386400980,1
1386401580,1
1386403380,1
1386404280,1
1386406380,1
1386408780,1
1386409680,1
1386410880,1
1386411480,1
1386413280,1
1386413880,1
1386414780,1
1386416280,1
1386417780,1
1386418740,1
1386419280,1
1386420180,1
1386420840,1
1386421680,1
1386423180,1
1386424200,1
1386424380,1
1386425280,1
1386427560,2
1386427680,1
1386427980,1
1386429480,1
1386430680,1
1386431460,2
1386431880,1
1386432420,1
1386433260,1
1386434280,1
1386434580,1
1386435000,1
1386435600,1
1386435780,1
1386436800,1
1386436980,1
1386437040,1
1386438420,1
1386438480,1
1386438540,1
1386439440,1
1386439680,1
1386439860,1
1386439980,1
1386440880,1
1386441360,1
1386441600,1
1386441660,1
1386441720,1
1386442860,1
1386442980,1
1386443280,2
1386444060,2
1386444480,1
1386444780,1
1386446280,1
1386446520,1
1386446700,1
1386447720,1
1386448860,2
1386449280,1
1386450420,1
1386450540,1
1386451020,1
1386451200,1
1386451500,1
1386452880,1
1386453660,1
1386454380,1
1386456180,1
1386457500,1
1386460380,1
1386461400,1
1386461640,1
1386463380,1
1386464340,1
1386465900,1
1386466380,1
1386466860,1
1386466980,1
1386467880,1
1386468840,1
1386469920,1
1386469980,1
1386470700,1
1386470880,1
1386472080,1
1386473280,1
1386474180,1
1386474780,1
1386474840,1
1386475560,1
1386475980,1
1386477000,1
1386477480,1
1386478680,1
1386479580,1
1386480420,1
1386480900,1
1386481080,1
1386481680,1
1386481980,1
1386483120,1
1386483180,1
1386484680,1
1386486480,1
1386487380,1
1386489180,1
1386490680,1
1386491880,1
1386493980,1
1386495480,1
1386497280,1
1386498300,1
1386498780,1
1386500580,1
1386501180,1
1386501780,1
1386502980,1
1386503880,1
1386504780,1
1386505680,1
1386507480,1
1386508080,1
1386508440,1
1386508980,1
1386510480,1
1386511980,1
1386512580,1
1386514260,1
1386514380,1
1386515280,1
1386516180,1
1386517680,1
1386518580,2
1386519180,1
1386519900,1
1386521700,2
1386521880,1
1386522900,1
1386523200,1
1386523380,1
1386524280,1
1386524460,1
1386525180,1
1386525780,1
1386526080,1
1386526260,1
1386526380,1
1386526560,1
1386527220,1
1386527280,1
1386529680,1
1386530880,1
1386532080,2
1386533520,1
1386533580,1
1386534000,1
1386534180,1
1386535080,1
1386535560,1
1386536160,1
1386536340,1
1386536880,1
1386537780,1
1386538680,1
1386539280,1
1386540780,1
1386541680,1
1386541800,1
1386542580,2
1386543840,1
1386544380,1
1386546480,1
1386547380,1
1386548280,1
1386549600,1
1386549780,1
1386551280,1
1386552180,1
1386554280,1
1386554880,1
1386555480,1
1386556680,1
1386558180,1
1386559080,1
1386559740,1
1386559980,1
1386561480,1
1386562380,1
1386563280,1
1386564480,1
1386565080,1
1386566580,1
1386567480,1
1386568680,1
1386569880,1
1386572580,1
1386573780,1
1386574080,1
1386575280,1
1386575460,1
1386575880,1
1386576480,1
1386577380,1
1386578280,1
1386582180,1
1386583380,1
1386583980,1
1386584640,1
1386585480,1
1386586080,1
1386586980,1
1386588180,1
1386588780,1
1386589980,2
1386590100,1
1386591180,1
1386591780,1
1386592620,1
1386593580,1
1386594480,1
1386595980,1
1386597120,1
1386597240,1
1386597480,1
1386597960,1
1386598320,1
1386598380,1
1386598560,1
1386599100,1
1386599280,1
1386599460,1
1386599760,1
1386600480,2
1386601680,1
1386601740,2
1386602280,1
1386603000,1
1386603120,1
1386603180,1
1386604800,1
1386604980,1
1386605580,1
1386606180,1
1386606420,1
1386606780,1
1386607680,1
1386608880,1
1386609420,1
1386609780,1
1386610020,1
1386610680,1
1386612240,1
1386612360,1
1386612660,1
1386612960,1
1386613680,2
1386614280,1
1386614520,1
1386615060,1
1386617160,1
1386617220,1
1386617520,1
1386618960,1
1386619740,1
1386621540,1
1386621600,1
1386623100,1
1386623400,1
1386624000,1
1386624180,1
1386624720,1
1386624900,1
1386625860,1
1386625920,1
1386627120,1
1386627180,1
1386627360,1
1386627600,1
1386627780,2
1386628140,1
1386628560,1
1386628740,1
1386629340,1
1386629580,1
1386629880,2
1386630480,1
1386630900,1
1386630960,2
1386631020,1
1386631380,1
1386631800,1
1386631980,1
1386632400,1
1386632460,1
1386632700,1
1386632760,1
1386633240,1
1386633300,1
1386633480,1
1386635220,1
1386637260,1
1386637740,1
1386637860,1
1386637980,1
1386638760,1
1386638820,1
1386639540,1
1386642180,1
1386643740,1
1386647580,1
1386648060,1
1386657060,1
1386666600,1
1386676500,1
1386676860,1
1386676920,1
1386678120,1
1386678240,1
1386679200,1
1386679620,1
1386681780,1
1386682080,1
1386684960,1
1386685980,1
1386688320,1
1386690600,1
1386691020,1
1386691740,1
1386691860,1
1386697080,1
1386699000,1
1386699360,1
1386699480,1
1386701700,1
1386702780,1
1386704940,1
1386705480,1
1386707160,1
1386707280,1
1386707400,1
1386709080,1
1386709140,1
1386710580,1
1386712380,1
1386712740,1
1386713280,1
1386713340,1
1386714180,1
1386714240,1
1386714300,1
1386714420,1
1386714480,1
1386714660,1
1386714900,1
1386715680,2
1386715740,1
1386716040,2
1386716280,1
1386716400,1
1386717300,1
1386717780,2
1386718080,1
1386718440,1
1386719340,1
1386720900,1
1386721380,1
1386721800,1
1386723420,1
1386727620,1
1386731700,1
1386739260,1
1386755520,1
1386762360,1
1386763440,1
1386763800,1
1386764940,1
1386765300,1
1386766680,1
1386768720,1
1386769200,1
1386769320,1
1386770340,1
1386770580,1
1386770820,1
1386771240,1
1386772020,1
1386772260,1
1386773460,1
1386773820,3
1386775380,1
1386777000,2
1386777840,1
1386778920,1
1386779700,1
1386779820,2
1386780240,1
1386780600,1
1386781080,1
1386782100,1
1386782280,1
1386782340,1
1386783480,1
1386784800,1
1386786300,2
1386786360,1
1386787080,1
1386787560,1
1386787680,1
1386788640,1
1386788700,1
1386789240,1
1386789600,1
1386790980,1
1386793140,1
1386793260,1
1386793320,1
1386793440,1
1386794220,1
1386794820,2
1386795240,1
1386795720,2
1386796560,1
1386796920,1
1386797820,1
1386798060,1
1386798480,1
1386799920,1
1386799980,1
1386800220,1
1386801240,1
1386801780,2
1386802200,1
1386802560,2
1386802920,1
1386803640,2
1386803820,1
1386805680,1
1386806040,1
1386806520,1
1386806880,1
1386807000,1
1386807420,1
1386807660,1
1386808080,1
1386808620,1
1386809100,1
1386809160,1
1386810060,1
1386811200,1
1386811380,1
1386811740,1
1386811980,1
1386812280,1
1386812520,1
1386812820,1
1386813180,1
1386813600,1
1386814380,1
1386816120,1
1386821460,1
1386847980,1
1386849300,1
1386850440,1
1386851340,1
1386853320,1
1386853800,1
1386855180,1
1386855420,1
1386855960,1
1386857280,2
1386858900,1
1386859020,2
1386859080,1
1386859680,1
1386859860,1
1386861540,1
1386864180,1
1386864480,1
1386868560,2
1386868740,1
1386869280,3
1386872580,1
1386873660,1
1386873960,1
1386874440,1
1386874620,1
1386875580,1
1386876600,1
1386878760,1
1386879780,1
1386880140,1
1386881040,1
1386881820,1
1386882480,1
1386882720,1
1386883320,1
1386883920,1
1386884040,1
1386884400,1
1386885720,1
1386886560,1
1386887520,2
1386887820,1
1386888240,1
1386888420,1
1386888660,1
1386888840,1
1386889500,1
1386889560,1
1386889680,1
1386890280,1
1386890520,2
1386891660,1
1386892020,1
1386892320,1
1386892500,1
1386892800,1
1386892920,1
1386893640,1
1386894420,1
1386894780,1
1386895620,1
1386896220,1
1386897660,1
1386897720,1
1386897900,1
1386898740,1
1386899520,1
1386899640,1
1386900720,1
1386901980,1
1386902520,1
1386903780,1
1386904020,1
1386905040,1
1386905460,1
1386905520,1
1386907020,1
1386908220,2
1386910020,1
1386910440,1
1386910620,1
1386911280,1
1386911820,1
1386912360,1
1386912720,1
1386912780,1
1386913920,1
1386915720,1
1386918720,1
1386919320,1
1386920220,1
1386921120,1
1386922320,1
1386923520,1
1386925020,1
1386925620,1
1386926220,1
1386926820,1
1386928020,1
1386931920,1
1386934020,1
1386936000,1
1386936420,1
1386937020,1
1386937500,1
1386938520,1
1386938880,1
1386939120,1
1386940680,1
1386941340,1
1386942720,1
1386942960,1
1386943260,1
1386944340,1
1386944940,1
1386945420,1
1386946260,2
1386946680,1
1386947700,1
1386948360,1
1386949920,1
1386950520,1
1386950760,1
1386951720,1
1386952560,1
1386952620,1
1386952800,1
1386953820,1
1386954540,1
1386954840,1
1386955800,2
1386956520,1
1386957060,1
1386957960,1
1386958560,1
1386958800,1
1386958980,1
1386959220,1
1386959340,2
1386960480,1
1386960840,2
1386961200,1
1386961260,1
1386961680,1
1386962400,1
1386963120,1
1386963300,2
1386963600,1
1386963780,1
1386964020,1
1386964140,1
1386965220,1
1386965280,1
1386965340,2
1386966840,1
1386967080,1
1386967620,2
1386969000,1
1386969180,1
1386969480,1
1386970260,1
1386970920,1
1386970980,3
1386971100,1
1386971160,1
1386971580,1
1386971640,2
1386972180,2
1386972660,1
1386972720,1
1386972780,2
1386973020,1
1386973320,1
1386973380,1
1386974580,1
1386974820,1
1386975420,1
1386975960,1
1386977760,1
1386977820,2
1386977880,1
1386978000,1
1386978360,1
1386978780,1
1386978960,1
1386979140,1
1386979380,1
1386980160,2
1386980460,1
1386982260,1
1386984120,1
1386984180,1
1386984960,1
1386988800,1
1386989400,1
1386991080,1
1386991500,1
1386995580,1
1387005360,1
1387009020,1
1387013880,1
1387038480,1
1387038600,1
1387038960,1
1387040280,1
1387044780,1
1387046820,1
1387049940,1
1387051140,1
1387058640,1
1387065120,1
1387068480,1
1387070280,1
1387071480,1
1387072080,1
1387072980,1
1387074480,1
1387076280,1
1387077180,1
1387078680,1
1387079580,1
1387080480,1
1387081380,1
1387081980,1
1387083180,1
1387084080,1
1387086180,1
1387086780,1
1387087380,1
1387089180,1
1387090380,1
1387090980,1
1387093080,1
1387093980,1
1387096680,1
1387098480,1
1387100580,1
1387101780,1
1387103580,1
1387104180,1
1387104780,1
1387106580,1
1387107480,1
1387108980,1
1387109880,1
1387110780,1
1387111680,1
1387112580,1
1387113480,1
1387114080,1
1387114140,1
1387115280,1
1387115880,1
1387118100,1
1387118280,1
1387119180,1
1387119360,1
1387122180,1
1387122780,1
1387123680,1
1387124580,1
1387125180,1
1387126980,1
1387127580,1
1387128540,1
1387128780,1
1387129740,1
1387131180,2
1387131540,1
1387131780,1
1387132680,1
1387133280,1
1387134420,1
1387134780,1
1387134840,1
1387135980,2
1387136160,1
1387137780,1
1387137960,1
1387138740,2
1387139880,2
1387140300,1
1387140480,1
1387141680,1
1387141740,2
1387141980,1
1387142880,1
1387143480,1
1387143780,1
1387144440,1
1387144680,1
1387145580,1
1387146180,1
1387146780,1
1387147620,1
1387147680,1
1387149000,1
1387149480,1
1387150560,1
1387150980,1
1387151580,1
1387153080,1
1387155180,1
1387157880,1
1387158720,2
1387158780,1
1387159680,1
1387160280,1
1387161780,1
1387161840,1
1387163280,1
1387163820,1
1387164180,1
1387165080,1
1387166580,1
1387167780,1
1387168080,1
1387168680,1
1387170180,1
1387171080,1
1387171980,1
1387172880,1
1387174080,1
1387175280,1
1387176180,2
1387177080,1
1387178280,1
1387180080,1
1387180680,1
1387183080,1
1387184580,1
1387185480,1
1387186980,1
1387187880,1
1387188480,1
1387189980,1
1387190160,1
1387190880,1
1387192680,1
1387194180,1
1387194360,1
1387194780,1
1387195020,1
1387195140,1
1387195620,1
1387196280,1
1387196640,1
1387197360,1
1387198080,1
1387198380,1
1387198680,1
1387199580,1
1387199820,2
1387201200,1
1387201380,1
1387201560,1
1387201980,1
1387202460,1
1387203780,1
1387204020,1
1387204680,1
1387205340,1
1387206660,1
1387206720,1
1387207380,1
1387207980,1
1387208640,1
1387208940,1
1387209300,1
1387209660,1
1387209780,1
1387210680,1
1387211040,1
1387211220,1
1387211580,1
1387213620,1
1387214400,1
1387214880,1
1387215480,1
1387215660,1
1387216320,1
1387216380,1
1387216980,1
1387218000,1
1387218240,1
1387218780,1
1387219380,1
1387219440,1
1387220880,1
1387221180,1
1387221840,1
1387222680,1
1387223280,1
1387224780,2
1387225260,1
1387225680,1
1387226580,1
1387227180,1
1387227240,1
1387227660,1
1387228080,1
1387228380,1
1387228680,2
1387229160,1
1387229280,1
1387229640,1
1387230060,1
1387230120,1
1387230480,1
1387230780,1
1387231740,1
1387232280,1
1387232400,1
1387232460,1
1387232700,1
1387232760,1
1387233600,1
1387233780,1
1387234680,1
1387235880,2
1387236120,1
1387237680,1
1387238880,2
1387239360,1
1387239420,1
1387239480,1
1387240680,1
1387240920,1
1387241340,1
1387242180,1
1387242600,1
1387242780,1
1387243680,1
1387244280,1
1387245240,1
1387245840,1
1387246200,1
1387246380,1
1387246560,1
1387246620,1
1387246740,1
1387247040,1
1387247280,1
1387248480,2
1387250580,1
1387251180,1
1387252980,2
1387253040,1
1387253880,1
1387255200,1
1387255380,1
1387256820,1
1387257180,1
1387259160,1
1387260180,1
1387262280,1
1387263780,2
1387266180,1
1387266780,1
1387267980,1
1387268880,1
1387269780,1
1387270980,1
1387271880,1
1387272480,1
1387274280,1
1387274880,1
1387275480,1
1387276980,1
1387278180,1
1387279020,1
1387279080,1
1387280160,1
1387280280,1
1387280880,1
1387281900,1
1387282380,1
1387282980,1
1387284060,1
1387284780,1
1387285260,1
1387285980,1
1387287180,1
1387287300,1
1387287480,1
1387288080,1
1387289100,1
1387289520,1
1387290480,1
1387291620,1
1387292160,1
1387292280,1
1387292880,1
1387294560,1
1387294680,1
1387295820,1
1387296180,2
1387296780,1
1387297980,1
1387299180,1
1387299780,1
1387300980,1
1387301880,1
1387302480,1
1387303140,1
1387303980,1
1387304580,1
1387305480,1
1387306380,1
1387308780,2
1387309380,1
1387310520,1
1387310580,1
1387310640,1
1387311180,1
1387312380,1
1387312680,1
1387313100,1
1387313460,1
1387315080,1
1387316220,1
1387316580,1
1387318320,1
1387318680,1
1387319460,2
1387319700,1
1387319820,1
1387320180,2
1387321080,1
1387321140,1
1387321260,1
1387321500,2
1387321560,1
1387321860,1
1387322280,1
1387322880,1
1387324080,1
1387324980,1
1387325340,1
1387325880,1
1387326780,1
1387327080,1
1387327680,1
1387328280,1
1387328640,1
1387329180,1
1387329600,1
1387330980,1
1387331580,1
1387333080,1
1387334280,1
1387336620,1
1387338180,1
1387339080,1
1387340580,1
1387341780,1
1387342680,1
1387343580,2
1387344480,1
1387345080,1
1387346280,1
1387348080,1
1387348980,1
1387350480,1
1387351380,1
1387352580,1
1387353480,1
1387354080,1
1387354680,1
1387355280,1
1387357980,1
1387358580,1
1387359480,1
1387360080,1
1387360680,1
1387361580,1
1387362240,1
1387363080,1
1387364580,1
1387365180,1
1387365780,1
1387366380,1
1387367280,1
1387367880,1
1387369440,1
1387369680,3
1387370580,1
1387372800,1
1387373280,1
1387373340,1
1387373880,1
1387375380,1
1387377000,1
1387377780,1
1387378680,1
1387378740,1
1387378920,1
1387379280,1
1387379340,1
1387379880,2
1387380000,1
1387380780,2
1387382580,1
1387382940,1
1387385400,1
1387385520,1
1387386180,1
1387386780,1
1387387680,1
1387388280,1
1387389180,1
1387389780,1
1387389840,2
1387390080,1
1387390620,1
1387391280,1
1387391340,1
1387392600,1
1387392960,1
1387393080,1
1387393920,1
1387395960,1
1387396020,2
1387396680,1
1387397100,1
1387398060,1
1387398180,1
1387398360,1
1387400280,1
1387400760,1
1387400880,1
1387401240,1
1387401600,1
1387402080,1
1387402440,1
1387402980,2
1387403340,1
1387403580,1
1387403820,1
1387404480,1
1387404540,1
1387404600,1
1387405380,2
1387407480,1
1387407600,1
1387407780,1
1387408020,1
1387408080,1
1387409040,1
1387409100,1
1387409280,1
1387409400,1
1387409640,1
1387410360,1
1387410540,1
1387410720,1
1387411080,1
1387412280,1
1387412460,1
1387412880,1
1387413300,1
1387413840,1
1387414080,1
1387414140,1
1387414980,1
1387415640,1
1387415880,2
1387416480,1
1387416540,1
1387417380,1
1387418280,1
1387418400,1
1387419180,1
1387419900,1
1387420080,1
1387420560,1
1387421580,1
1387422060,1
1387422180,1
1387422540,1
1387422720,1
1387422780,1
1387423080,1
1387423800,1
1387424580,1
1387425300,1
1387425480,2
1387426080,1
1387426320,1
1387426800,2
1387426860,2
1387426980,1
1387428480,1
1387429080,1
1387429980,1
1387431180,1
1387432080,1
1387432980,1
1387434780,1
1387434900,1
1387437180,1
1387437660,1
1387438380,1
1387439580,1
1387440480,1
1387441080,1
1387443180,1
1387447980,1
1387450080,1
1387450980,1
1387453680,1
1387454100,1
1387454280,1
1387454820,1
1387455720,1
1387455780,1
1387458060,1
1387458900,1
1387459560,1
1387461780,1
1387462560,1
1387463160,1
1387463580,1
1387464180,1
1387465440,1
1387465620,1
1387465800,1
1387466460,1
1387466580,1
1387466880,1
1387469820,1
1387471380,1
1387471680,1
1387471800,1
1387473960,1
1387474200,1
1387474320,1
1387475580,1
1387475700,1
1387476480,1
1387477920,1
1387478640,1
1387478880,1
1387479180,1
1387479600,1
1387480080,2
1387480260,1
1387481700,1
1387481760,1
1387482600,1
1387484940,2
1387485120,1
1387487280,1
1387487760,1
1387487940,1
1387488480,1
1387488600,2
1387489380,1
1387490520,1
1387490880,1
1387491000,1
1387491300,1
1387492080,1
1387492440,1
1387492680,1
1387493160,1
1387493400,1
1387493880,1
1387494300,1
1387495020,1
1387495380,1
1387495620,1
1387496580,2
1387497180,1
1387497660,1
1387498020,1
1387499100,1
1387499400,1
1387499580,1
1387500360,1
1387500480,1
1387500780,1
1387501680,1
1387502820,1
1387502940,1
1387503180,2
1387503900,1
1387504080,1
1387504560,1
1387504620,1
1387504740,1
1387504860,1
1387505880,1
1387506540,1
1387506780,1
1387507080,1
1387507200,1
1387507500,1
1387507620,1
1387508280,1
1387508760,1
1387509180,1
1387509660,1
1387509780,1
1387510200,2
1387510320,1
1387510680,2
1387510860,1
1387512180,1
1387512780,1
1387513020,1
1387513380,1
1387514220,1
1387514280,1
1387515180,1
1387517280,2
1387518060,2
1387518120,1
1387519200,1
1387520880,1
1387540740,1
1387542600,1
1387542660,1
1387542840,1
1387543140,1
1387543920,1
1387543980,1
1387546080,1
1387546260,1
1387546980,1
1387547880,1
1387548180,1
1387549080,2
1387549920,1
1387550460,1
1387551480,1
1387551660,1
1387551960,1
1387552380,1
1387552560,2
1387552680,1
1387552980,1
1387553400,1
1387553880,1
1387554300,1
1387555080,1
1387555140,1
1387555440,1
1387556280,1
1387556640,1
1387557060,1
1387557480,1
1387557600,1
1387558380,1
1387558440,1
1387559400,1
1387559880,1
1387560000,1
1387560900,1
1387561980,1
1387562040,1
1387562100,1
1387562700,1
1387562820,1
1387563180,1
1387563240,1
1387563300,1
1387563660,1
1387564080,1
1387564680,1
1387565340,1
1387565580,1
1387566180,1
1387566300,1
1387567620,1
1387568700,1
1387568880,1
1387569120,1
1387569300,1
1387569540,1
1387569780,2
1387569840,2
1387571160,1
1387571580,1
1387572360,1
1387572780,1
1387572900,1
1387573860,1
1387573980,1
1387574100,1
1387574400,1
1387575180,1
1387575240,2
1387575720,1
1387575780,1
1387576140,1
1387576200,2
1387576320,1
1387576680,1
1387577580,1
1387578060,2
1387578480,1
1387578600,1
1387578960,1
1387579500,1
1387579680,1
1387580280,1
1387580400,2
1387580460,1
1387580640,1
1387580880,1
1387581120,1
1387582080,1
1387582140,1
1387582320,2
1387582440,2
1387582620,1
1387582980,1
1387583400,1
1387584960,1
1387585020,1
1387586280,1
1387586340,1
1387586700,1
1387587360,1
1387589040,1
1387590120,1
1387590300,1
1387590360,1
1387591380,1
1387593900,1
1387595760,1
1387596960,1
1387597740,1
1387598220,1
1387599180,1
1387600620,1
1387600980,1
1387601280,2
1387602420,1
1387614840,1
1387616880,1
1387617480,1
1387618680,1
1387619280,1
1387620780,1
1387623780,1
1387625280,1
1387626360,1
1387628580,1
1387629780,1
1387630980,1
1387633380,1
1387633980,1
1387634880,1
1387635780,1
1387637220,1
1387637280,1
1387637880,1
1387638360,1
1387638480,1
1387639380,1
1387640280,1
1387640880,1
1387643760,1
1387644180,1
1387646160,1
1387647180,2
1387647960,1
1387649640,1
1387649820,1
1387650240,1
1387650360,1
1387650840,1
1387651380,1
1387652580,1
1387652700,1
1387652760,1
1387653180,1
1387654980,1
1387656240,1
1387657020,1
1387657140,1
1387657680,1
1387657980,2
1387658100,1
1387658880,1
1387660020,1
1387660200,1
1387660620,1
1387660800,1
1387660920,1
1387660980,1
1387661100,1
1387661220,1
1387661580,1
1387662180,1
1387663380,2
1387663620,1
1387664580,1
1387664820,1
1387668180,1
1387668780,1
1387669980,1
1387670160,1
1387670520,1
1387671780,2
1387673160,1
1387673280,1
1387675980,1
1387677900,1
1387678380,1
1387680300,1
1387681680,1
1387682940,2
1387684080,2
1387684320,1
1387685100,1
1387689180,1
1387699380,1
1387714740,1
1387720020,1
1387721340,1
1387722480,1
1387723080,1
1387726080,1
1387726320,1
1387726980,1
1387727580,1
1387728780,1
1387729020,1
1387729380,1
1387729920,1
1387730280,1
1387730820,1
1387731180,1
1387731660,1
1387731720,1
1387732500,1
1387732980,2
1387733460,1
1387733520,1
1387734780,1
1387735200,1
1387737120,1
1387739280,1
1387740420,1
1387740780,1
1387741020,1
1387741380,1
1387741440,1
1387741500,1
1387741800,1
1387742520,1
1387743480,2
1387743840,2
1387744080,1
1387744500,1
1387744560,1
1387744980,1
1387745160,1
1387745580,2
1387746180,1
1387746780,1
1387747680,1
1387748280,1
1387748400,1
1387749120,1
1387749480,1
1387749600,1
1387749720,1
1387750080,1
1387751160,1
1387752000,1
1387754760,1
1387757940,1
1387759500,1
1387759560,1
1387760280,1
1387763220,1
1387764060,1
1387765800,1
1387767420,1
1387767900,1
1387768560,1
1387769160,1
1387770180,1
1387772580,1
1387773480,1
1387799520,1
1387801980,1
1387805940,1
1387806360,1
1387807320,1
1387808100,1
1387808940,1
1387810200,1
1387812840,1
1387813020,1
1387813620,1
1387813800,1
1387824600,1
1387829580,1
1387830900,1
1387834920,1
1387835820,1
1387835880,1
1387836900,1
1387837080,1
1387837500,1
1387837560,1
1387838580,1
1387839600,1
1387839960,1
1387840080,1
1387840680,1
1387841280,1
1387842180,1
1387842900,1
1387843020,2
1387843080,1
1387843440,1
1387844160,1
1387844280,1
1387846260,1
1387846380,1
1387847100,1
1387848420,1
1387848780,1
1387850940,1
1387856520,1
1387856760,1
1387857840,1
1387860720,1
1387864140,1
1387884120,1
1387885020,1
1387885920,1
1387888320,1
1387889220,1
1387893600,2
1387893840,1
1387893960,1
1387894320,1
1387897020,1
1387897560,1
1387898820,1
1387901580,1
1387902480,1
1387903200,1
1387904520,1
1387905540,1
1387906560,1
1387906740,1
1387907220,1
1387909320,1
1387909680,1
1387909740,1
1387910640,1
1387912440,1
1387914180,1
1387915500,1
1387915740,1
1387918140,1
1387918380,1
1387918560,1
1387918680,1
1387918740,1
1387920000,1
1387921560,1
1387923360,1
1387923420,1
1387923480,1
1387923600,1
1387923960,1
1387925160,1
1387926180,2
1387926780,1
1387928760,1
1387932060,1
1387933620,1
1387934820,1
1387935120,2
1387948320,1
1387971420,1
1387979460,1
1387981740,1
1387984800,1
1387985280,1
1387985340,1
1387986300,1
1387989060,1
1387989240,1
1387994880,1
1388006220,1
1388010780,1
1388011020,1
1388015700,1
1388018220,1
1388018400,1
1388019840,1
1388026200,1
1388026440,1
1388033100,1
1388056440,1
1388057460,1
1388057520,1
1388058060,1
1388058720,1
1388058840,1
1388061300,1
1388065740,1
1388065920,1
1388066580,1
1388067360,1
1388067480,1
1388070120,1
1388071380,1
1388075520,1
1388076360,1
1388076600,1
1388079480,1
1388082240,1
1388082600,1
1388084220,1
1388085300,1
1388085960,1
1388086140,1
1388086380,1
1388087940,1
1388088180,1
1388088840,1
1388088960,1
1388092440,1
1388093160,1
1388093280,1
1388094240,1
1388094480,1
1388094780,1
1388097300,1
1388097720,1
1388098020,1
1388098740,1
1388099460,1
1388101980,1
1388102760,1
1388103000,1
1388104080,1
1388105580,1
1388105700,1
1388106780,1
1388108580,1
1388109480,1
1388110560,1
1388110980,1
1388112180,1
1388113080,1
1388113440,1
1388113980,1
1388114880,1
1388115780,1
1388116980,1
1388117580,1
1388120280,1
1388121180,1
1388121300,1
1388122680,1
1388123580,1
1388124780,1
1388125680,1
1388126280,1
1388128200,1
1388128380,1
1388128980,1
1388129580,1
1388131980,1
1388133180,1
1388134680,1
1388136180,1
1388137080,1
1388137980,1
1388140380,1
1388141880,1
1388142780,1
1388143380,1
1388144160,1
1388145180,1
1388145300,1
1388145360,1
1388146080,1
1388146140,1
1388146680,1
1388147100,1
1388147400,1
1388148180,1
1388148240,1
1388148780,2
1388149380,1
1388149980,1
1388151240,1
1388153280,2
1388153340,1
1388155320,1
1388155500,1
1388155680,1
1388156160,1
1388156460,1
1388156580,1
1388157180,1
1388157300,1
1388158020,1
1388158260,1
1388159160,1
1388160480,1
1388161380,1
1388163180,1
1388166300,1
1388166540,1
1388167740,1
1388168280,1
1388168340,1
1388169240,1
1388169720,1
1388170080,1
1388170800,1
1388171040,1
1388171100,1
1388172300,1
1388172660,1
1388173740,1
1388174160,1
1388175180,1
1388175780,1
1388176380,1
1388176980,1
1388177580,1
1388178180,1
1388178300,1
1388178900,1
1388179500,1
1388180100,1
1388180460,1
1388181060,1
1388181480,1
1388181780,1
1388183160,1
1388183400,1
1388183580,1
1388184480,1
1388185500,1
1388185740,1
1388189160,1
1388189340,1
1388189940,1
1388191620,1
1388193060,1
1388209020,1
1388217900,1
1388235300,1
1388239680,1
1388242560,1
1388247480,1
1388248200,1
1388249220,1
1388249460,1
1388250840,1
1388252280,1
1388252760,1
1388254860,1
1388255700,1
1388256240,1
1388256900,1
1388257380,2
1388257980,1
1388258040,1
1388258640,1
1388258820,1
1388259780,1
1388261580,1
1388262180,1
1388263920,1
1388264280,1
1388264580,1
1388265240,1
1388265480,1
1388266980,1
1388269680,1
1388271180,1
1388272380,1
1388272860,1
1388272980,1
1388273520,1
1388273880,1
1388274300,1
1388275080,1
1388276880,1
1388277480,1
1388278020,1
1388278380,1
1388278980,1
1388280120,1
1388280180,1
1388280420,1
1388282280,1
1388283180,1
1388284080,1
1388285580,1
1388286480,1
1388287380,1
1388288160,1
1388288220,1
1388288580,1
1388290080,1
1388290680,1
1388291580,1
1388293980,1
1388294880,1
1388296380,1
1388296980,1
1388297880,1
1388298480,1
1388299380,1
1388300580,1
1388301180,1
1388301780,1
1388304180,1
1388306280,1
1388307180,1
1388308380,1
1388309880,1
1388311980,1
1388312640,1
1388314080,1
1388315280,2
1388315880,1
1388316780,1
1388317380,1
1388317980,1
1388319780,1
1388320980,1
1388322480,1
1388323080,1
1388324280,1
1388325180,1
1388325420,1
1388325780,1
1388327400,1
1388327880,1
1388329080,1
1388330220,1
1388330280,1
1388330880,1
1388332440,1
1388332680,1
1388333580,1
1388334180,1
1388334780,1
1388337480,1
1388338380,1
1388339280,1
1388340480,1
1388341380,1
1388341980,1
1388343780,1
1388344380,1
1388344980,1
1388345040,1
1388345580,1
1388346480,1
1388347080,1
1388349480,1
1388350380,1
1388350980,1
1388351160,1
1388351760,1
1388353380,1
1388354280,1
1388355480,1
1388356380,1
1388357280,1
1388358780,1
1388359680,1
1388360880,1
1388361780,1
1388363280,1
1388364480,1
1388365380,1
1388366280,1
1388366880,1
1388367060,1
1388368080,1
1388369580,1
1388370780,1
1388371560,1
1388371680,1
1388372280,1
1388373480,1
1388376480,1
1388377080,1
1388378280,1
1388379180,1
1388380080,1
1388381280,1
1388382480,1
1388384280,1
1388385180,1
1388386080,1
1388386980,1
1388387580,1
1388388180,1
1388390280,1
1388391180,1
1388392080,1
1388392680,1
1388393580,1
1388394780,1
1388395380,1
1388396580,1
1388398080,1
1388399100,1
1388399580,1
1388400480,1
1388401380,1
1388401980,1
1388402580,1
1388402700,1
1388402760,1
1388403480,1
1388403900,1
1388404260,1
1388404560,1
1388405580,2
1388406300,1
1388406660,1
1388406780,1
1388407260,1
1388408280,1
1388409480,1
1388410560,1
1388411280,1
1388411400,1
1388411640,1
1388412480,1
1388413080,1
1388413500,1
1388413680,1
1388415300,1
1388415360,1
1388416680,1
1388417100,1
1388417580,1
1388418180,1
1388419380,1
1388420100,1
1388420580,1
1388421120,2
1388421780,1
1388422140,1
1388422380,1
1388422500,1
1388423580,1
1388424180,1
1388424900,1
1388425440,1
1388425680,1
1388425740,1
1388427180,2
1388427540,1
1388428080,1
1388428200,1
1388428980,1
1388430780,1
1388432340,1
1388432580,1
1388432820,1
1388433360,1
1388433480,1
1388434080,3
1388434380,1
1388434800,1
1388434920,1
1388434980,1
1388435280,1
1388435340,1
1388435880,1
1388436120,1
1388437080,1
1388437920,1
1388438100,1
1388438280,1
1388438400,1
1388438700,1
1388438880,1
1388439180,1
1388440380,2
1388440620,1
1388440680,1
1388441880,1
1388442300,1
1388442420,1
1388442480,1
1388443080,1
1388443680,1
1388443740,1
1388444280,1
1388445180,1
1388445780,1
1388446680,1
1388446740,1
1388448120,1
1388449020,1
1388449980,1
1388450520,1
1388450580,2
1388451180,1
1388451780,1
1388453880,3
1388454000,1
1388455080,1
1388455680,1
1388456760,1
1388457180,1
1388457240,1
1388457480,1
1388458380,1
1388459280,1
1388461980,1
1388462580,1
1388463180,1
1388463480,1
1388464080,1
1388465280,1
1388465880,1
1388466060,1
1388467380,1
1388467860,1
1388468400,1
1388468880,2
1388471880,1
1388472780,1
1388473380,1
1388475180,1
1388478780,1
1388480580,1
1388481480,1
1388482080,1
1388483280,1
1388483880,1
1388485680,1
1388486280,1
1388487480,1
1388489280,1
1388490180,1
1388490960,1
1388491380,1
1388492580,2
1388493780,1
1388494680,1
1388495280,1
1388495820,1
1388495880,1
1388497080,1
1388497380,1
1388498220,1
1388498460,1
1388498880,1
1388499300,1
1388499360,1
1388499600,1
1388501280,1
1388501700,1
1388502180,1
1388502360,1
1388503080,1
1388504280,1
1388505780,2
1388506680,1
1388507280,1
1388507880,1
1388509260,1
1388509380,1
1388509680,1
1388510280,1
1388510340,1
1388510760,1
1388512080,1
1388512380,2
1388512980,1
1388513160,1
1388513220,1
1388514180,1
1388515080,1
1388515260,1
1388519640,1
1388519880,2
1388520000,1
1388520480,1
1388521080,2
1388521200,1
1388521860,1
1388523180,1
1388524980,2
1388525220,1
1388525340,1
1388525580,1
1388526240,1
1388526720,1
1388527980,1
1388528640,1
1388528760,1
1388529300,1
1388529480,1
1388530380,1
1388531160,1
1388531880,1
1388532780,2
1388533680,2
1388534880,1
1388535480,1
1388537580,1
1388538780,1
1388539380,1
1388540280,1
1388541480,1
1388543280,1
1388544180,1
1388544480,1
1388545380,1
1388546580,1
1388548020,1
1388548080,1
1388548620,1
1388548980,1
1388550780,1
1388551380,1
1388551980,1
1388552580,1
1388553480,1
1388554260,1
1388554320,1
1388555580,1
1388557680,1
1388558280,1
1388558340,1
1388559180,1
1388560080,1
1388560980,1
1388561880,1
1388563380,1
1388563980,1
1388564580,1
1388564940,1
1388565060,1
1388565780,1
1388566380,1
1388566980,1
1388567580,1
1388568780,1
1388569980,1
1388572080,1
1388572980,1
1388574480,1
1388575380,1
1388575980,1
1388576880,1
1388578680,1
1388579280,1
1388579880,1
1388580780,1
1388581380,1
1388581980,1
1388583480,1
1388584440,1
1388584980,1
1388586180,1
1388586780,1
1388587680,1
1388588040,1
1388589180,1
1388590380,1
1388592780,1
1388593680,1
1388595060,1
1388595480,1
1388596380,1
1388597880,1
1388598480,1
1388599380,1
1388601240,1
1388601780,1
1388601840,2
1388603040,1
1388603460,1
1388603580,1
1388604780,1
1388604960,1
1388605680,1
1388607480,1
1388608380,1
1388609340,1
1388609880,1
1388610120,1
1388610360,1
1388612280,1
1388612700,1
1388612880,2
1388613480,1
1388614800,1
1388615280,1
1388615880,1
1388616480,1
1388617380,1
1388618580,1
1388621280,1
1388622480,1
1388622720,1
1388623980,1
1388624880,1
1388625360,1
1388625480,1
1388626980,1
1388627880,1
1388628480,1
1388630880,1
1388631480,1
1388633580,1
1388633700,1
1388634780,1
1388635980,1
1388637180,1
1388638140,1
1388638680,1
1388638860,2
1388639040,2
1388639880,1
1388640480,1
1388641980,1
1388661480,1
1388664120,1
1388664300,1
1388665500,1
1388665620,1
1388666460,2
1388666700,1
1388666820,1
1388667840,1
1388668500,1
1388668740,1
1388669040,1
1388669520,1
1388670000,1
1388670060,1
1388670660,1
1388670720,1
1388670900,1
1388671680,2
1388672940,1
1388674080,1
1388676480,1
1388677080,1
1388677560,1
1388677620,1
1388677740,1
1388678880,1
1388679180,1
1388680680,1
1388681940,1
1388682660,1
1388683200,1
1388683380,1
1388683800,1
1388683980,1
1388686020,1
1388688060,1
1388688480,1
1388692140,1
1388692380,1
1388694660,1
1388697360,1
1388698200,1
1388699520,1
1388701320,1
1388701380,1
1388702220,1
1388703000,1
1388703120,1
1388703360,1
1388704140,1
1388704320,1
1388704680,1
1388704860,1
1388705280,1
1388706600,1
1388706660,1
1388706840,1
1388708040,1
1388711820,1
1388713380,1
1388761080,1
1388766660,1
1388773380,1
1388779260,1
1388779980,1
1388783880,1
1388786580,1
1388791680,1
1388792640,1
1388794980,1
1388796660,1
1388796840,1
1388847060,1
1388852280,1
1388852880,1
1388853480,1
1388854740,1
1388855760,1
1388857440,1
1388864580,1
1388907480,1
1388936220,1
1388936520,1
1388943000,1
1388945280,1
1388949600,1
1388949780,1
1388953080,1
1389007980,1
1389008880,1
1389009360,1
1389009900,1
1389012360,1
1389013920,1
1389017640,1
1389019320,1
1389020880,1
1389024180,1
1389024360,1
1389027600,1
1389029340,1
1389034380,1
1389034680,2
1389035640,1
1389035820,1
1389037380,1
1389038460,1
1389041520,2
1389041880,1
1389042780,1
1389043260,1
1389043740,1
1389044220,1
1389044760,1
1389045120,1
1389046020,1
1389046080,1
1389046800,1
1389047040,2
1389047160,1
1389048360,1
1389048540,1
1389052380,1
1389053880,1
1389056880,1
1389059820,1
1389061680,1
1389065400,1
1389102360,1
1389102420,1
1389102480,1
1389103020,1
1389113160,1
1389114540,1
1389118800,1
1389119640,1
1389123900,1
1389127200,1
1389129120,1
1389129240,2
1389130980,1
1389132480,1
1389141180,1
1389141300,1
1389141840,1
1389142080,1
1389142620,1
1389142800,1
1389143100,1
1389143820,1
1389144360,1
1389145140,1
1389151200,1
1389151620,1
1389152040,1
1389184080,1
1389186480,1
1389187140,1
1389188880,1
1389188940,1
1389189000,1
1389189840,1
1389190440,1
1389190980,1
1389193440,1
1389193680,1
1389196320,1
1389197880,1
1389198360,1
1389200160,1
1389202560,1
1389203220,1
1389203520,1
1389204840,1
1389206580,1
1389210720,1
1389213600,1
1389213780,1
1389214020,1
1389214380,1
1389215220,1
1389215520,1
1389216060,1
1389216660,1
1389217920,1
1389218580,1
1389219060,1
1389219180,1
1389219480,2
1389220500,1
1389220920,1
1389221280,1
1389222480,1
1389222840,1
1389223080,1
1389223980,1
1389227940,1
1389230040,1
1389230580,1
1389230820,1
1389236940,1
1389244980,1
1389248220,1
1389249420,1
1389250020,2
1389251580,1
1389252480,1
1389253920,1
1389254520,1
1389255420,1
1389257820,1
1389259020,1
1389259620,1
1389260820,1
1389261720,1
1389264180,1
1389265320,1
1389266880,1
1389267420,1
1389269220,1
1389269280,1
1389269760,1
1389270120,1
1389271320,2
1389272460,1
1389272580,1
1389273120,1
1389273180,1
1389273780,1
1389274020,1
1389274620,2
1389275520,1
1389275820,1
1389276360,1
1389276780,1
1389276840,2
1389277020,1
1389277620,1
1389278040,1
1389278220,1
1389279060,1
1389279420,1
1389279660,1
1389280320,1
1389281340,1
1389282780,1
1389283080,1
1389283680,1
1389284280,1
1389285480,1
1389285540,1
1389286380,1
1389286740,1
1389288540,1
1389288780,1
1389289380,1
1389289920,1
1389290880,1
1389291480,2
1389292080,1
1389292200,1
1389292500,1
1389292680,1
1389293040,1
1389293220,1
1389294840,1
1389295020,1
1389295380,2
1389295920,1
1389296820,1
1389297060,2
1389297120,2
1389298080,1
1389300180,1
1389300360,1
1389301020,1
1389301500,1
1389301800,1
1389301980,1
1389302220,1
1389303600,1
1389303660,1
1389304080,1
1389304680,2
1389305160,2
1389305340,1
1389305640,1
1389305880,2
1389306060,1
1389306480,1
1389306600,1
1389307500,1
1389308160,1
1389308880,1
1389309480,1
1389309660,1
1389309780,1
1389310260,1
1389310500,1
1389311340,1
1389312000,1
1389313140,2
1389314280,1
1389317400,1
1389319380,1
1389319500,1
1389319980,1
1389320940,1
1389336180,1
1389343380,1
1389346980,1
1389353940,1
1389354660,1
1389358560,1
1389358920,1
1389358980,1
1389359280,1
1389359400,1
1389359940,1
1389360060,1
1389360120,1
1389360480,1
1389361560,1
1389362100,1
1389362520,1
1389372660,1
1389373620,1
1389375060,1
1389376860,1
1389377880,1
1389378180,1
1389378480,1
1389378780,1
1389380400,1
1389381060,1
1389383580,1
1389384000,1
1389384480,1
1389386340,1
1389386580,1
1389390780,1
1389392400,1
1389395820,1
1389397320,1
1389397800,1
1389398460,1
1389399420,1
1389400140,1
1389401400,1
1389403080,1
1389403260,1
1389404460,1
1389404580,1
1389406980,1
1389410400,1
1389431280,1
1389432480,1
1389434760,1
1389450780,1
1389458040,1
1389458220,1
1389465180,1
1389465480,1
1389466080,1
1389466980,1
1389467820,1
1389467880,1
1389469560,1
1389470580,1
1389471180,1
1389472080,1
1389473280,1
1389474780,1
1389474960,1
1389475080,1
1389475380,1
1389476040,1
1389477180,1
1389477780,2
1389478380,1
1389479280,1
1389480180,1
1389481380,1
1389483180,1
1389483780,1
1389487680,1
1389488580,1
1389489180,1
1389489360,1
1389491580,1
1389492600,1
1389492780,1
1389493980,1
1389494580,1
1389495300,1
1389496380,1
1389497580,1
1389499380,1
1389499980,1
1389501180,1
1389501300,1
1389502080,1
1389502680,1
1389502800,2
1389503280,1
1389503880,1
1389505380,1
1389505980,1
1389508080,1
1389508680,1
1389510360,1
1389511800,1
1389514800,1
1389514980,1
1389517080,1
1389517680,1
1389519780,1
1389521580,1
1389522480,1
1389523680,1
1389524280,1
1389524880,1
1389525480,1
1389526380,1
1389527280,1
1389528480,1
1389529380,1
1389529980,1
1389530580,1
1389531180,1
1389531720,1
1389531780,1
1389532380,1
1389533280,1
1389533880,1
1389534480,1
1389534780,1
1389535500,1
1389535560,1
1389536220,1
1389536820,1
1389536880,1
1389537840,1
1389538080,1
1389539880,1
1389541080,1
1389541680,1
1389542580,1
1389543480,1
1389544680,1
1389544740,1
1389546240,1
1389546660,1
1389547980,1
1389549300,1
1389549480,1
1389550080,1
1389550680,1
1389550860,1
1389551340,1
1389551460,1
1389556020,1
1389560700,1
1389561180,1
1389562500,1
1389562680,1
1389562860,1
1389563880,2
1389564480,1
1389565680,1
1389565740,1
1389566220,1
1389567000,1
1389567780,1
1389568620,1
1389568920,1
1389569880,1
1389570480,1
1389570540,1
1389571380,1
1389572280,1
1389573780,1
1389574680,1
1389575340,1
1389575580,1
1389576180,1
1389576780,1
1389579180,1
1389579360,1
1389579780,1
1389580680,1
1389580800,1
1389581700,1
1389581880,1
1389582780,2
1389583980,1
1389584880,1
1389586080,1
1389588480,1
1389589080,1
1389589560,1
1389591480,1
1389592080,1
1389592680,1
1389593580,1
1389595500,1
1389595620,1
1389598680,1
1389599220,1
1389599340,1
1389599580,1
1389600480,1
1389601680,1
1389602280,1
1389603180,1
1389604080,1
1389604980,1
1389605880,1
1389606780,1
1389607380,1
1389608280,1
1389609540,1
1389609780,1
1389610080,1
1389610980,1
1389611880,1
1389613080,1
1389613500,1
1389613980,1
1389614880,1
1389616020,1
1389616500,1
1389616980,2
1389617700,1
1389617880,1
1389619980,2
1389620880,2
1389621360,1
1389621660,1
1389622020,1
1389622080,1
1389622440,1
1389622500,1
1389623520,1
1389623820,1
1389624120,2
1389624240,1
1389624300,1
1389624840,1
1389625800,1
1389626100,1
1389626520,1
1389626880,1
1389627480,2
1389627660,1
1389628080,1
1389629400,1
1389629580,2
1389630960,1
1389632100,1
1389632280,2
1389633180,1
1389633780,1
1389635580,1
1389635760,1
1389635820,1
1389636240,1
1389636540,2
1389637080,2
1389637800,1
1389639180,1
1389639600,1
1389640020,1
1389641640,1
1389641880,1
1389642480,1
1389644640,1
1389644880,1
1389646740,1
1389646860,1
1389646980,1
1389647160,1
1389647400,1
1389647880,1
1389648300,1
1389649440,1
1389649560,1
1389649980,1
1389650460,1
1389651000,2
1389651060,1
1389651300,2
1389651420,1
1389651720,1
1389651840,1
1389652080,1
1389652620,1
1389652800,1
1389652920,1
1389653220,1
1389653280,1
1389653580,1
1389654120,1
1389654180,1
1389654960,1
1389655080,1
1389655320,2
1389655380,1
1389655980,2
1389656100,1
1389656280,1
1389656460,1
1389656520,1
1389656580,1
1389656820,1
1389657420,1
1389657540,1
1389657900,1
1389659040,1
1389659820,1
1389661200,1
1389662880,1
1389663060,1
1389663240,1
1389664560,1
1389665520,1
1389666180,1
1389668880,1
1389669180,1
1389676980,1
1389678780,1
1389679680,1
1389680280,1
1389681480,1
1389682380,1
1389684360,1
1389692580,1
1389699240,1
1389699360,1
1389699480,1
1389700980,1
1389702480,1
1389703380,1
1389704160,1
1389705540,1
1389705780,1
1389706680,1
1389707220,1
1389707460,1
1389707640,1
1389708060,1
1389708420,1
1389708840,1
1389711300,1
1389711360,1
1389713820,1
1389714000,1
1389717780,1
1389720120,1
1389722280,1
1389723180,1
1389723720,1
1389725280,1
1389732900,1
1389737580,1
1389738900,2
1389739440,2
1389739680,1
1389739860,1
1389740460,1
1389740580,2
1389741060,1
1389741120,1
1389741600,1
1389742140,1
1389742260,1
1389742320,1
1389742680,1
1389742920,1
1389743520,2
1389744480,1
1389745500,1
1389745860,1
1389746220,1
1389746340,1
1389746400,1
1389746640,1
1389746880,1
1389748560,1
1389749640,1
1389750540,1
1389751140,1
1389751260,1
1389752160,1
1389752640,1
1389752760,1
1389754020,1
1389754260,1
1389754680,1
1389756120,1
1389757800,1
1389758160,1
1389758820,1
1389760620,1
1389761580,1
1389761820,1
1389785520,1
1389787320,1
1389789180,1
1389790560,1
1389790740,1
1389791400,1
1389792000,1
1389792060,1
1389792840,1
1389792960,1
1389793320,1
1389793380,1
1389793800,1
1389793860,1
1389794280,1
1389795300,1
1389795840,1
1389795900,1
1389795960,1
1389796260,1
1389797160,1
1389799020,1
1389799260,1
1389799920,1
1389800280,1
1389800400,1
1389801600,1
1389803520,1
1389803580,1
1389803880,1
1389804000,1
1389804780,1
1389804960,1
1389805380,1
1389806160,1
1389807780,1
1389808140,1
1389808980,1
1389809820,1
1389809880,2
1389810000,1
1389810360,1
1389811380,1
1389811440,1
1389811980,2
1389812100,1
1389813060,1
1389813300,1
1389813480,1
1389813660,1
1389813720,1
1389813780,1
1389816240,8
1389816420,3
1389816960,1
1389817080,1
1389819180,1
1389820080,1
1389820320,1
1389820500,1
1389820980,1
1389821280,1
1389821580,1
1389822420,2
1389823260,1
1389823860,1
1389823980,2
1389824040,1
1389824340,1
1389824640,1
1389824880,1
1389825180,1
1389826260,1
1389826380,3
1389827160,1
1389827280,1
1389827340,1
1389827520,1
1389827580,1
1389827760,1
1389827880,1
1389827940,1
1389828060,1
1389828180,1
1389828360,1
1389828480,2
1389828780,1
1389828840,1
1389828900,1
1389829020,2
1389829260,1
1389829320,3
1389829680,1
1389829980,2
1389831000,1
1389831180,1
1389831300,1
1389832080,1
1389832680,1
1389832740,2
1389833460,1
1389834000,1
1389834540,1
1389834840,1
1389835560,1
1389836400,1
1389836940,1
1389837480,1
1389838200,1
1389838260,1
1389838380,1
1389840840,1
1389865680,1
1389865980,1
1389869580,1
1389872040,1
1389872640,1
1389874680,1
1389875040,1
1389875160,1
1389876480,1
1389876600,1
1389877320,1
1389877380,1
1389878760,1
1389879240,1
1389879420,1
1389880440,1
1389880800,1
1389881940,2
1389882120,1
1389883140,1
1389883500,1
1389883560,1
1389883620,1
1389883740,1
1389883800,1
1389884100,1
1389884340,1
1389885780,1
1389887880,1
1389890280,1
1389891060,1
1389891420,1
1389891840,1
1389892260,1
1389892680,1
1389892860,1
1389894240,1
1389894540,1
1389894720,1
1389896160,1
1389897420,1
1389897720,1
1389898080,1
1389898440,1
1389898620,1
1389898980,1
1389899160,1
1389900300,1
1389901680,1
1389901860,1
1389902520,1
1389904680,1
1389905580,1
1389908040,1
1389908280,1
1389908880,2
1389909240,1
1389910980,1
1389911280,2
1389912000,1
1389912240,1
1389912780,2
1389913560,1
1389913800,1
1389913920,1
1389914040,2
1389914100,1
1389914280,1
1389915060,1
1389915120,1
1389915600,1
1389915660,1
1389915960,1
1389916080,2
1389916140,1
1389916680,1
1389917220,1
1389917280,1
1389917400,1
1389917580,1
1389917640,1
1389918180,1
1389918300,1
1389918660,1
1389918720,1
1389919620,1
1389919860,2
1389919980,1
1389921240,1
1389921300,1
1389921840,1
1389922440,1
1389922740,1
1389923040,2
1389923820,1
1389924360,1
1389925800,1
1389926880,1
1389930060,1
1389932940,1
1389933120,1
1389940260,1
1389956580,1
1389958260,1
1389959100,1
1389961140,1
1389962280,1
1389963420,1
1389963720,1
1389964860,1
1389965820,1
1389966480,1
1389966780,1
1389967680,1
1389968220,2
1389968460,2
1389968940,1
1389969780,1
1389970620,1
1389973740,1
1389973980,1
1389975120,1
1389975600,1
1389977460,1
1389977580,1
1389978780,1
1389978900,1
1389979380,1
1389980160,2
1389980580,2
1389980700,1
1389980820,1
1389980940,1
1389981180,1
1389981780,1
1389982260,1
1389982680,1
1389983580,1
1389983820,1
1389984060,1
1389984780,1
1389984840,1
1389985680,1
1389985920,1
1389986280,1
1389986700,1
1389988080,1
1389988680,1
1389990420,1
1389990480,1
1389990540,2
1389990660,1
1389990720,1
1389991080,1
1389991620,1
1389991680,1
1389992220,1
1389993180,1
1389993840,1
1389993960,1
1389994080,1
1389994800,1
1389995160,1
1389995280,1
1389996240,1
1389996480,2
1389996660,1
1389996780,1
1389997680,1
1389999000,1
1389999480,1
1389999960,1
1390000380,1
1390000440,1
1390000500,1
1390000800,1
1390000920,1
1390001100,1
1390001220,2
1390001280,2
1390001340,1
1390001640,1
1390001700,1
1390001880,1
1390002480,1
1390002720,2
1390003080,1
1390003200,1
1390003320,1
1390003560,1
1390003800,1
1390004280,1
1390005480,1
1390006380,1
1390006500,1
1390006620,2
1390007100,1
1390007700,1
1390008780,1
1390009200,1
1390010940,1
1390011720,1
1390012260,1
1390012620,1
1390014360,1
1390017000,1
1390017480,1
1390018740,1
1390019880,1
1390021500,1
1390022940,1
1390023240,1
1390028700,1
1390055040,2
1390055880,1
1390057080,1
1390058400,1
1390061940,1
1390062180,1
1390065000,1
1390065180,1
1390065420,1
1390065480,2
1390066080,1
1390067160,1
1390068000,1
1390070400,1
1390072500,1
1390074240,1
1390074420,1
1390074720,1
1390076640,1
1390078080,1
1390078260,1
1390078440,1
1390078560,1
1390078740,1
1390079280,1
1390080600,1
1390081020,1
1390082400,1
1390086000,1
1390086360,1
1390088340,1
1390088880,1
1390090080,1
1390090140,1
1390091700,1
1390093680,1
1390096380,1
1390098180,1
1390098900,1
1390099980,1
1390101180,1
1390102440,1
1390102740,1
1390103760,1
1390113240,1
1390113780,1
1390114380,1
1390114980,1
1390115580,1
1390116480,1
1390117680,1
1390118280,1
1390119180,1
1390119780,1
1390121580,1
1390123680,1
1390124880,1
1390126680,1
1390128480,1
1390128780,1
1390129380,1
1390130280,1
1390132080,1
1390133580,1
1390134480,1
1390135080,1
1390136880,1
1390138080,1
1390139280,2
1390139460,1
1390139880,1
1390140480,2
1390141380,1
1390142280,2
1390142880,1
1390144140,1
1390144680,1
1390145580,1
1390146180,1
1390146780,1
1390147800,1
1390147980,1
1390149060,1
1390149480,1
1390150080,1
1390151280,1
1390151760,1
1390151880,1
1390153380,1
1390156560,1
1390156680,1
1390158180,1
1390158780,1
1390159440,1
1390159680,1
1390160280,2
1390161480,1
1390162080,1
1390162380,1
1390163280,1
1390164180,1
1390165560,1
1390166580,1
1390167600,1
1390168080,1
1390168980,1
1390169580,1
1390170420,1
1390170480,1
1390171020,2
1390171380,1
1390172580,1
1390173180,2
1390174440,1
1390174680,1
1390176120,1
1390176180,1
1390176240,1
1390177680,1
1390178580,1
1390179480,1
1390180380,1
1390181580,2
1390182180,1
1390182840,1
1390183560,4
1390183680,1
1390184100,1
1390184280,1
1390185420,1
1390185480,1
1390186980,1
1390187520,1
1390187880,1
1390189080,1
1390190880,1
1390193580,1
1390193880,1
1390194780,1
1390195980,1
1390197780,1
1390198440,1
1390198980,1
1390199880,1
1390201380,1
1390201980,1
1390202880,1
1390205100,1
1390207140,1
1390209480,1
1390210080,1
1390210680,1
1390211580,1
1390212480,1
1390213080,1
1390214280,1
1390214880,1
1390216680,1
1390217280,1
1390217880,1
1390218180,1
1390218480,2
1390219380,1
1390221180,1
1390221780,1
1390222080,1
1390222680,1
1390223280,1
1390223880,1
1390224780,1
1390225680,1
1390225980,1
1390226580,1
1390227480,1
1390228680,2
1390230480,2
1390231380,1
1390232580,1
1390232820,1
1390233120,1
1390233780,1
1390234380,1
1390234500,1
1390235580,1
1390236780,1
1390237980,1
1390238700,1
1390238760,1
1390238880,1
1390239360,1
1390240680,1
1390241280,1
1390241640,1
1390242180,1
1390243620,1
1390243680,1
1390244580,1
1390246380,1
1390247400,1
1390247580,2
1390248000,1
1390248180,2
1390248300,1
1390248960,1
1390249080,2
1390249680,1
1390250220,1
1390251180,1
1390251840,1
1390251960,1
1390252080,1
1390252200,1
1390252980,1
1390253700,2
1390253820,1
1390253940,1
1390254480,1
1390254720,1
1390254840,1
1390255080,1
1390255800,1
1390256100,1
1390256160,1
1390256340,1
1390257120,1
1390257180,1
1390257240,1
1390257540,1
1390258260,1
1390258380,1
1390258440,1
1390259280,1
1390259580,2
1390259940,1
1390260540,1
1390260600,1
1390260660,1
1390261020,1
1390261080,1
1390262580,1
1390262820,1
1390263180,1
1390263240,1
1390263780,1
1390264080,1
1390264320,1
1390264680,1
1390265040,1
1390265580,1
1390266060,2
1390266180,1
1390266780,1
1390267020,2
1390267680,1
1390267800,1
1390268160,1
1390268880,2
1390269120,1
1390269780,1
1390269960,1
1390270980,1
1390271040,1
1390271280,1
1390272300,1
1390272480,1
1390272720,1
1390273080,1
1390274580,1
1390275360,1
1390275780,1
1390278480,1
1390280280,1
1390281480,1
1390282380,1
1390283280,1
1390285680,1
1390286880,1
1390287480,1
1390289880,1
1390290780,1
1390291380,1
1390292880,1
1390293780,1
1390294980,1
1390296180,1
1390297080,1
1390298580,1
1390299480,1
1390300080,1
1390301280,1
1390301880,1
1390303380,1
1390303980,1
1390304460,1
1390305060,1
1390305480,2
1390306020,1
1390306080,1
1390306680,1
1390306980,1
1390307280,1
1390309680,2
1390310580,1
1390310640,1
1390311780,1
1390312740,1
1390312980,1
1390315080,1
1390320480,1
1390320960,1
1390333380,1
1390336080,1
1390337160,1
1390346280,1
1390352280,1
1390361880,1
1390362180,1
1390363380,1
1390367880,1
1390373580,1
1390378380,1
1390381080,1
1390392180,1
1390393380,1
1390397880,1
1390398660,1
1390399080,1
1390400880,2
1390401480,1
1390402860,1
1390404180,1
1390406220,1
1390412280,1
1390412340,1
1390412880,1
1390416240,1
1390420080,1
1390429080,1
1390429260,1
1390433280,2
1390435260,1
1390439940,1
1390440780,1
1390442280,1
1390447680,1
1390450380,1
1390454880,1
1390461780,1
1390464480,1
1390468680,1
1390469580,1
1390472280,1
1390477380,1
1390480080,1
1390484340,1
1390485060,2
1390485900,1
1390485960,1
1390488480,1
1390490040,1
1390490580,1
1390494180,1
1390495380,2
1390497780,1
1390497840,1
1390501500,1
1390502940,1
1390505100,1
1390506060,1
1390507920,1
1390512660,1
1390513380,1
1390514460,1
1390515480,1
1390515840,1
1390517280,1
1390518180,1
1390520460,1
1390521060,1
1390522200,1
1390523040,1
1390525080,1
1390528200,1
1390528440,1
1390532280,1
1390556460,1
1390564500,1
1390566060,1
1390570080,1
1390577460,1
1390578180,1
1390585380,1
1390585680,1
1390586160,1
1390588680,1
1390590780,1
1390592580,1
1390594380,1
1390594560,1
1390595040,1
1390596480,2
1390597680,1
1390597740,1
1390600260,1
1390601040,1
1390601280,1
1390602180,1
1390602840,1
1390603020,1
1390605420,1
1390608600,2
1390609320,1
1390609560,1
1390609620,1
1390609800,1
1390611180,1
1390611780,1
1390612200,2
1390615200,1
1390625400,1
1390629480,1
1390652280,1
1390660920,1
1390665780,1
1390666080,1
1390666140,2
1390669380,1
1390670760,1
1390671420,1
1390671720,1
1390677480,1
1390677600,1
1390677960,1
1390697880,1
1390714320,1
1390717740,1
1390748100,1
1390749840,1
1390750800,1
1390760580,1
1390763280,1
1390764600,2
1390767540,1
1390775220,1
1390780140,1
1390781880,1
1390784820,1
1390785780,1
1390787160,1
1390798020,1
1390818960,1
1390819920,1
1390823280,1
1390825620,1
1390826100,1
1390826700,1
1390828080,1
1390829640,1
1390830420,2
1390830840,1
1390831380,1
1390831500,1
1390831920,1
1390831980,2
1390832520,1
1390833480,1
1390834020,1
1390834500,1
1390834620,1
1390835520,1
1390837920,1
1390838220,1
1390839180,1
1390839660,1
1390840320,1
1390841100,1
1390841220,1
1390841820,1
1390842540,1
1390842900,1
1390843080,1
1390843440,1
1390844160,1
1390844280,1
1390844340,1
1390845480,1
1390845720,1
1390846320,1
1390846620,1
1390846920,1
1390847880,1
1390848060,1
1390849080,2
1390849980,1
1390851420,2
1390851600,1
1390852380,1
1390852500,1
1390852920,1
1390853040,1
1390853280,1
1390854480,1
1390855680,1
1390857240,1
1390857480,1
1390858200,1
1390858320,1
1390858920,2
1390859820,1
1390860000,1
1390860360,2
1390860480,2
1390861020,1
1390861080,1
1390862220,2
1390862880,1
1390863600,1
1390863900,1
1390863960,1
1390864080,1
1390864500,1
1390864620,1
1390865280,1
1390865640,1
1390866060,1
1390866120,1
1390867140,1
1390867380,1
1390867560,1
1390867920,1
1390868460,1
1390868520,1
1390868700,2
1390869120,1
1390869300,1
1390870020,1
1390870680,1
1390870800,1
1390871280,1
1390872000,1
1390872360,1
1390872720,1
1390873560,1
1390873680,1
1390873920,1
1390874280,1
1390875180,1
1390875480,1
1390876380,1
1390876980,1
1390877580,1
1390878480,1
1390879320,1
1390881120,1
1390881720,1
1390883520,1
1390884720,1
1390886040,1
1390887120,1
1390887720,1
1390889820,1
1390890420,1
1390891320,1
1390892520,1
1390893420,1
1390894020,1
1390895880,1
1390897020,1
1390900380,1
1390900920,1
1390934760,6
1390935420,1
1390935660,1
1390937580,1
1390938420,1
1390938480,1
1390938540,1
1390939500,1
1390940520,1
1390941720,1
1390942320,1
1390944120,1
1390944720,1
1390945200,1
1390945320,1
1390945920,1
1390946520,1
1390947120,1
1390947720,1
1390947840,2
1390948140,1
1390948320,2
1390948560,1
1390948740,1
1390948920,1
1390949460,1
1390949580,2
1390950120,1
1390951320,1
1390951560,1
1390951680,1
1390952520,1
1390952640,1
1390953780,1
1390954140,1
1390954920,1
1390955820,1
1390957020,1
1390957620,1
1390958040,1
1390959180,2
1390959720,1
1390959960,1
1390960320,2
1390960680,1
1390961580,1
1390961760,1
1390962120,1
1390962660,1
1390962720,1
1390963260,1
1390963920,1
1390964220,1
1390965180,1
1390965420,1
1390966020,1
1390967220,1
1390968120,1
1390969620,1
1390969860,1
1390970520,1
1390971120,1
1390972920,1
1390974120,1
1390974960,1
1390975620,1
1390976820,1
1390977420,1
1390978080,1
1390978920,1
1390979820,2
1390980720,1
1390981620,1
1390983420,1
1390984320,1
1390985820,1
1390988220,1
1390989420,1
1390991220,1
1390992120,1
1390992720,1
1390993320,1
1390993920,1
1390994820,1
1390995420,1
1390996020,1
1390997520,1
1390998180,1
1390998900,1
1390999020,1
1391000520,1
1391001600,1
1391002080,1
1391002920,1
1391003340,1
1391003520,1
1391005920,1
1391006220,1
1391006820,1
1391008320,1
1391009100,1
1391009220,1
1391009820,1
1391010300,1
1391011920,1
1391012820,1
1391013600,1
1391014020,1
1391014620,1
1391015220,1
1391015400,1
1391015820,1
1391016420,1
1391016720,1
1391016900,1
1391017500,1
1391017860,1
1391017920,1
1391018520,1
1391018640,1
1391019720,2
1391020620,1
1391021340,2
1391021700,1
1391021880,1
1391021940,1
1391022240,1
1391023020,1
1391023620,1
1391023920,1
1391024700,1
1391025720,1
1391026320,1
1391026920,2
1391027700,1
1391028480,1
1391028540,1
1391028720,1
1391031180,2
1391031240,1
1391031600,1
1391031960,1
1391032620,1
1391033280,1
1391033340,1
1391033520,1
1391033880,1
1391034240,1
1391034600,1
1391034780,1
1391035680,1
1391035920,1
1391036040,2
1391038020,1
1391038680,1
1391039280,1
1391039880,2
1391041080,1
1391041440,1
1391042700,1
1391042880,1
1391043780,1
1391044380,1
1391044980,1
1391047380,1
1391048400,1
1391052780,1
1391055240,1
1391081280,1
1391084760,1
1391085120,1
1391086860,1
1391088780,1
1391089380,2
1391089560,1
1391089920,1
1391090520,1
1391091120,1
1391091180,3
1391091660,1
1391091780,1
1391091840,2
1391092380,1
1391092920,1
1391093280,1
1391093340,1
1391093640,1
1391094120,1
1391094600,1
1391094720,2
1391095200,1
1391098020,1
1391099400,3
1391100180,1
1391100420,1
1391100540,1
1391102280,1
1391103780,1
1391105280,1
1391106840,1
1391110800,1
1391113200,1
1391114460,1
1391114520,1
1391114640,1
1391114880,1
1391118180,1
1391119680,1
1391120340,1
1391120580,1
1391121780,1
1391122020,1
1391122140,1
1391122680,1
1391123040,1
1391123100,2
1391123280,1
1391123700,1
1391124360,1
1391124720,1
1391126580,1
1391126700,1
1391127420,1
1391130660,1
1391131680,1
1391134800,1
1391136300,1
1391137260,1
1391152260,1
1391170620,1
1391175600,1
1391176500,1
1391176620,1
1391177040,1
1391177100,1
1391177580,1
1391180880,1
1391181180,1
1391182200,1
1391182380,1
1391183880,1
1391185020,1
1391185380,1
1391186640,1
1391186880,1
1391187780,2
1391187900,1
1391188380,1
1391188920,1
1391189820,2
1391190780,1
1391191500,1
1391191680,1
1391191920,1
1391192760,1
1391194140,1
1391194440,1
1391195280,2
1391195460,1
1391195880,1
1391196420,1
1391196780,1
1391197380,1
1391197500,1
1391197680,2
1391197860,1
1391198100,1
1391200560,1
1391201460,1
1391201700,1
1391201880,1
1391202240,1
1391203080,1
1391203320,1
1391203680,1
1391203800,1
1391205600,1
1391205840,1
1391205960,1
1391207820,1
1391208720,1
1391208780,1
1391208960,1
1391209020,1
1391209380,1
1391209620,1
1391209800,2
1391209860,1
1391211120,1
1391211180,1
1391211960,1
1391212320,1
1391212560,1
1391214360,1
1391214660,1
1391214840,1
1391217360,1
1391217420,1
1391218680,1
1391226360,1
1391235240,1
1391236380,1
1391238540,1
1391261340,1
1391263440,1
1391266740,1
1391266980,1
1391267760,2
1391268420,1
1391269020,1
1391270580,1
1391271720,1
1391271960,1
1391272200,1
1391272380,1
1391275860,1
1391276700,1
1391278620,1
1391278740,1
1391279160,1
1391281320,1
1391281740,1
1391281860,1
1391282280,1
1391282340,1
1391283900,1
1391284680,1
1391285880,1
1391286180,1
1391286960,1
1391287140,2
1391287680,1
1391288280,1
1391290980,1
1391291820,2
1391292540,1
1391294400,1
1391294640,1
1391295240,1
1391296080,1
1391296140,1
1391299080,1
1391301360,1
1391307300,1
1391308440,1
1391316000,1
1391316060,2
1391322540,1
1391348400,1
1391349300,1
1391353320,1
1391353680,1
1391354220,1
1391355000,1
1391356260,1
1391356680,2
1391358360,1
1391358480,1
1391361120,1
1391361600,1
1391361840,1
1391362440,1
1391363040,2
1391363520,1
1391363640,1
1391364480,1
1391365620,1
1391365980,1
1391367900,1
1391368260,1
1391371020,1
1391371740,1
1391372340,1
1391372460,1
1391372700,1
1391374680,1
1391374740,2
1391375460,1
1391375700,1
1391375820,1
1391378160,1
1391378820,2
1391388120,1
1391388780,1
1391394120,1
1391396280,1
1391397060,1
1391398380,1
1391398860,1
1391399100,1
1391400000,2
1391400120,1
1391400180,1
1391400780,1
1391401680,1
1391404020,1
1391405100,1
1391405400,1
1391408280,1
1391427900,1
1391431500,1
1391440380,2
1391459160,1
1391464320,1
1391467800,1
1391469240,2
1391469720,1
1391474520,1
1391477160,1
1391478240,1
1391520180,1
1391520480,1
1391521020,1
1391521980,1
1391522760,1
1391522820,1
1391523120,1
1391523540,1
1391526600,1
1391529960,1
1391531580,1
1391532180,1
1391532600,1
1391534760,2
1391535060,1
1391537820,1
1391539620,1
1391540100,1
1391541000,1
1391542560,1
1391543160,1
1391543400,1
1391544420,1
1391546340,1
1391546640,2
1391547240,1
1391548380,1
1391549040,1
1391549820,1
1391550000,1
1391551200,1
1391551980,1
1391552340,1
1391554500,1
1391554980,1
1391555100,1
1391555400,1
1391555700,1
1391556540,1
1391557140,1
1391559000,1
1391559720,1
1391561220,1
1391561820,1
1391563020,1
1391564940,1
1391565780,1
1391565840,1
1391565960,1
1391566020,1
1391567580,1
1391577420,1
1391618280,1
1391619960,1
1391620740,2
1391629380,1
1391634480,1
1391638440,1
1391655180,1
1391656380,1
1391658480,1
1391659980,1
1391662380,1
1391666880,1
1391667480,1
1391668080,1
1391668680,1
1391669280,1
1391671380,1
1391671980,1
1391673180,1
1391674080,1
1391675580,1
1391677680,1
1391678280,1
1391678880,1
1391679780,1
1391680380,1
1391682480,1
1391683080,1
1391683560,1
1391693580,1
1391694360,1
1391695980,1
1391698080,1
1391699100,1
1391701680,2
1391702280,1
1391707080,1
1391707920,1
1391710260,1
1391711040,1
1391717580,1
1391718180,1
1391722500,1
1391723400,1
1391724540,1
1391725080,1
1391725140,1
1391725260,1
1391725440,1
1391725620,1
1391727180,1
1391727300,1
1391728080,1
1391728440,1
1391728680,1
1391729160,1
1391729340,1
1391729880,1
1391730540,1
1391730780,1
1391731860,1
1391732220,1
1391733900,1
1391734440,1
1391736000,1
1391737380,1
1391743620,1
1391750520,1
1391776020,1
1391778540,1
1391778660,1
1391779380,1
1391780040,1
1391780220,1
1391780520,2
1391781180,1
1391782620,1
1391783340,1
1391785200,1
1391790300,1
1391790480,1
1391790600,1
1391792640,1
1391792940,1
1391793060,1
1391793180,1
1391795280,1
1391796480,1
1391796780,1
1391797260,1
1391797680,1
1391798340,1
1391799840,1
1391800380,1
1391802060,1
1391807040,1
1391807100,1
1391807280,1
1391809080,1
1391810700,1
1391813700,1
1391814480,1
1391815320,1
1391816160,1
1391816340,1
1391818140,1
1391821200,1
1391823000,1
1391826000,1
1391840940,1
1391841180,1
1391867760,1
1391870160,1
1391871000,1
1391873280,1
1391875680,1
1391876580,1
1391882100,1
1391883780,1
1391885040,1
1391886780,1
1391887080,1
1391888220,1
1391888280,1
1391890740,1
1391891880,1
1391899680,1
1391899800,1
1391899980,1
1391900100,1
1391900160,1
1391915160,1
1391920680,1
1391926920,1
1391926980,1
1391952660,1
1391958360,1
1391958960,1
1391962860,1
1391968080,1
1391968560,1
1391969040,1
1391972460,1
1391973060,1
1391981400,1
1391983200,1
1392011100,1
1392011340,1
1392029280,1
1392037080,1
1392039180,1
1392040080,2
1392040380,1
1392040440,1
1392040500,1
1392041280,1
1392043500,1
1392045600,1
1392046080,1
1392047160,1
1392047820,1
1392049020,1
1392053580,1
1392055920,1
1392058140,1
1392061920,1
1392067080,1
1392068220,1
1392068280,1
1392069360,1
1392069960,1
1392070260,1
1392070620,1
1392071700,1
1392072300,2
1392073320,1
1392076680,1
1392077580,1
1392078840,1
1392081120,1
1392083160,1
1392083580,1
1392083880,1
1392087180,1
1392089160,1
1392089880,1
1392098820,1
1392119040,1
1392119580,1
1392124860,1
1392126120,1
1392127140,1
1392127380,1
1392129180,1
1392129780,1
1392130680,1
1392132780,1
1392134520,1
1392136440,1
1392137280,1
1392137580,2
1392137880,2
1392140280,1
1392141300,2
1392141780,1
1392142560,1
1392145020,1
1392145980,1
1392146400,1
1392153480,1
1392155520,1
1392157320,1
1392157680,1
1392157740,1
1392158940,1
1392160620,1
1392161100,1
1392161220,2
1392161880,1
1392163740,1
1392164520,1
1392165600,1
1392169080,1
1392169380,1
1392169680,1
1392171540,1
1392172980,1
1392173100,1
1392184380,1
1392187980,1
1392204600,1
1392209160,1
1392212220,1
1392212580,1
1392213480,1
1392214260,1
1392214380,1
1392214560,1
1392215460,1
1392216180,1
1392216660,1
1392219480,2
1392220380,1
1392221640,1
1392223380,1
1392223920,2
1392225600,1
1392227400,1
1392227820,1
1392228000,1
1392230760,1
1392231420,1
1392231780,1
1392234780,1
1392238380,1
1392239520,1
1392239880,1
1392242760,1
1392242880,1
1392243300,1
1392246420,1
1392246480,1
1392246840,1
1392249420,1
1392250080,1
1392250560,1
1392250680,1
1392251280,2
1392252540,1
1392254220,1
1392255180,1
1392258000,1
1392262380,1
1392389820,1
1392390180,1
1392395280,1
1392400680,1
1392401280,1
1392403380,1
1392405480,1
1392406680,1
1392407460,1
1392407580,1
1392408420,1
1392409200,1
1392410040,1
1392411360,1
1392412740,1
1392413640,1
1392414180,1
1392414360,1
1392414780,1
1392417180,1
1392417480,1
1392418320,1
1392419220,1
1392423060,1
1392431100,1
1392436080,1
1392470520,1
1392477180,1
1392479580,1
1392486660,1
1392486720,1
1392487080,1
1392491220,1
1392535620,1
1392563280,1
1392576240,1
1392577860,1
1392579480,1
1392581940,1
1392594540,1
1392605580,1
1392605880,1
1392645660,1
1392647580,1
1392648840,1
1392653220,1
1392656460,1
1392669180,1
1392669480,1
1392670020,1
1392670560,1
1392671580,1
1392672660,1
1392673980,1
1392676680,1
1392678840,1
1392681480,1
1392682080,1
1392685380,1
1392687480,1
1392691500,1
1392693840,1
1392701640,1
1392733920,1
1392742020,1
1392742080,1
1392746640,1
1392757740,1
1392760620,1
1392763440,1
1392764400,1
1392764880,1
1392766080,1
1392769800,1
1392774480,1
1392783480,1
1392785880,1
1392789900,1
1392816120,1
1392816240,1
1392816300,1
1392818700,1
1392819240,1
1392820080,1
1392820380,1
1392820560,1
1392822360,1
1392822600,1
1392822780,1
1392828780,1
1392833520,1
1392838980,1
1392840480,1
1392842160,1
1392842760,1
1392844980,1
1392847680,1
1392848580,1
1392849000,1
1392851280,1
1392853680,1
1392855420,1
1392855480,2
1392856260,1
1392856380,1
1392858180,1
1392859200,1
1392861120,1
1392863580,1
1392865620,1
1392869280,1
1392870180,1
1392896700,1
1392899460,1
1392901740,1
1392903480,1
1392904020,1
1392905700,2
1392907980,1
1392910140,1
1392912180,1
1392914880,1
1392915240,1
1392915960,1
1392916740,1
1392917280,1
1392921300,1
1392922080,1
1392923580,1
1392923880,1
1392925080,1
1392925200,1
1392927120,1
1392927900,1
1392928440,1
1392930780,1
1392933300,1
1392933420,1
1392934080,1
1392934620,1
1392934800,1
1392936120,1
1392936180,1
1392936540,1
1392936900,1
1392937200,1
1392937560,1
1392937680,1
1392937920,1
1392939120,1
1392939480,1
1392940500,1
1392940680,1
1392941100,1
1392941580,1
1392942780,1
1392942840,1
1392943380,1
1392944400,1
1392946920,1
1392959220,1
1392963600,1
1392985680,1
1392994140,1
1392994500,1
1392995820,1
1392996480,1
1392999540,2
1393000980,1
1393001580,1
1393003140,1
1393004640,1
1393005240,1
1393005960,1
1393007880,1
1393008000,1
1393015800,1
1393018680,1
1393021380,1
1393022700,1
1393023720,1
1393023960,1
1393024200,1
1393025580,1
1393025640,1
1393025760,1
1393025880,1
1393026300,1
1393026480,1
1393026660,1
1393026840,1
1393029000,1
1393029780,1
1393031100,1
1393031460,1
1393052280,1
1393063740,1
1393074540,1
1393078020,1
1393078500,1
1393081560,1
1393086480,1
1393088160,1
1393090320,1
1393090440,1
1393091760,1
1393092180,1
1393095300,1
1393095420,1
1393096260,1
1393098060,2
1393098300,1
1393099560,1
1393099740,1
1393102920,1
1393107660,1
1393107720,1
1393108560,1
1393109760,1
1393112400,1
1393114680,1
1393120560,1
1393122060,1
1393123260,1
1393127880,1
1393131120,1
1393131960,1
1393138680,1
1393138800,1
1393140720,1
1393141380,1
1393147680,1
1393160460,1
1393164540,1
1393168980,1
1393169820,1
1393171020,1
1393173540,1
1393173660,1
1393174080,1
1393174500,1
1393177500,1
1393177980,1
1393178340,1
1393181340,1
1393181400,1
1393183320,1
1393184700,1
1393184940,1
1393187400,1
1393188060,1
1393190220,1
1393190400,1
1393193100,1
1393194480,1
1393197000,1
1393198260,1
1393199400,1
1393200720,1
1393201380,1
1393203180,1
1393204680,1
1393205820,1
1393208220,1
1393210740,1
1393211880,1
1393214820,1
1393215180,1
1393221480,1
1393236180,1
1393240080,1
1393240680,1
1393242300,1
1393242840,1
1393244700,1
1393245660,1
1393247580,1
1393248900,1
1393250040,1
1393251180,1
1393252080,1
1393252680,1
1393253040,1
1393253640,1
1393255200,2
1393255740,1
1393258800,1
1393260480,1
1393260720,1
1393262040,1
1393264620,1
1393264680,1
1393267500,1
1393267560,1
1393268100,1
1393268280,1
1393269000,1
1393270380,1
1393271700,1
1393272780,1
1393273980,2
1393274580,1
1393274760,2
1393275480,1
1393276080,1
1393276440,1
1393278060,1
1393278540,1
1393278780,1
1393279740,1
1393279980,1
1393280340,1
1393281480,1
1393281600,1
1393282200,1
1393282320,2
1393282440,1
1393283580,1
1393284000,1
1393284180,1
1393284540,1
1393285080,1
1393285320,1
1393285440,1
1393285980,1
1393286340,1
1393287000,1
1393288140,1
1393289040,1
1393290360,2
1393290420,1
1393291620,1
1393291980,1
1393292400,1
1393292520,1
1393292580,1
1393292700,1
1393294080,1
1393297020,1
1393299360,1
1393299540,1
1393305720,1
1393328640,1
1393331280,1
1393336020,1
1393336080,1
1393336440,1
1393336680,1
1393337460,2
1393339560,1
1393339620,1
1393341480,1
1393341960,1
1393342920,1
1393342980,1
1393343580,1
1393344660,3
1393346280,1
1393346880,1
1393348260,1
1393349220,1
1393351140,1
1393355160,1
1393357560,1
1393358280,1
1393362360,2
1393362600,1
1393362720,2
1393364280,1
1393364940,1
1393365480,1
1393365600,1
1393367820,1
1393368240,1
1393369080,1
1393369260,1
1393369320,1
1393369560,1
1393369680,1
1393370280,2
1393371780,1
1393372500,1
1393372980,1
1393373100,1
1393373520,1
1393373700,1
1393373760,1
1393374180,1
1393374420,1
1393374960,1
1393375260,1
1393376700,1
1393377120,1
1393378080,1
1393378140,1
1393378440,1
1393379280,1
1393383360,1
1393415160,1
1393416180,1
1393417680,1
1393419660,1
1393420500,1
1393420680,1
1393420920,1
1393421940,1
1393422900,1
1393423140,1
1393423740,1
1393424100,1
1393424400,1
1393425000,1
1393425660,1
1393427040,1
1393427340,1
1393433100,1
1393435560,1
1393439880,1
1393440900,1
1393441200,1
1393442340,1
1393442940,1
1393443060,1
1393443540,1
1393444620,1
1393446900,1
1393447920,1
1393448880,1
1393449060,1
1393450680,1
1393450860,1
1393451520,1
1393454220,1
1393454340,1
1393454400,1
1393454940,1
1393457220,1
1393457580,1
1393459680,1
1393460040,1
1393469460,1
1393471740,1
1393472400,1
1393484760,2
1393503960,1
1393504020,1
1393507260,1
1393507620,1
1393508040,1
1393508340,1
1393509000,1
1393512840,1
1393513680,1
1393516620,1
1393517280,1
1393518480,1
1393518660,1
1393519080,1
1393520280,1
1393521180,1
1393521780,1
1393522260,1
1393523580,1
1393524540,1
1393525080,2
1393525860,1
1393526280,1
1393526460,1
1393526520,1
1393527960,1
1393528380,1
1393528980,1
1393529580,1
1393530180,2
1393531080,1
1393532400,1
1393533180,1
1393534380,2
1393534680,1
1393535280,1
1393539300,1
1393539960,1
1393540260,1
1393540680,1
1393541640,1
1393542120,1
1393542180,1
1393542300,1
1393543260,1
1393543380,1
1393545240,1
1393545960,1
1393546320,1
1393548120,1
1393548420,1
1393549500,1
1393552020,1
1393554540,1
1393556460,1
1393561560,1
1393563300,1
1393566180,1
1393592760,1
1393593180,1
1393595580,1
1393595700,1
1393596240,1
1393596480,1
1393597920,1
1393598100,1
1393598880,1
1393600740,1
1393604580,1
1393605300,1
1393606020,1
1393608060,1
1393608780,1
1393609380,1
1393609860,1
1393610340,1
1393610760,1
1393616160,1
1393616520,1
1393619700,1
1393620720,1
1393622760,1
1393624920,1
1393624980,1
1393625040,1
1393625160,1
1393625700,1
1393626600,1
1393626660,1
1393628280,1
1393629660,1
1393631460,1
1393631820,1
1393632060,1
1393632600,1
1393636800,1
1393685040,1
1393689480,1
1393690620,1
1393695660,1
1393696560,1
1393696980,1
1393697520,1
1393698180,1
1393699260,1
1393700700,1
1393701180,1
1393703400,1
1393704480,1
1393707120,1
1393710060,1
1393710480,2
1393718700,1
1393742820,2
1393742880,1
1393743480,1
1393766820,1
1393772940,1
1393773720,1
1393773960,1
1393775340,1
1393779540,1
1393782840,1
1393783140,1
1393783500,1
1393786620,1
1393787280,1
1393787880,1
1393789260,1
1393789680,1
1393790700,1
1393790940,1
1393791360,1
1393791900,1
1393792680,1
1393792860,1
1393793700,1
1393794480,1
1393795380,1
1393796280,1
1393796820,1
1393797180,2
1393797420,1
1393797720,1
1393803720,2
1393804140,2
1393804380,1
1393809660,1
1393809780,1
1393810440,1
1393822680,1
1393822980,1
1393848900,1
1393849200,1
1393853340,1
1393856460,1
1393856640,1
1393856880,1
1393857420,1
1393858020,1
1393863540,1
1393868580,1
1393869420,1
1393870800,1
1393872660,1
1393873500,1
1393873620,1
1393875600,1
1393876200,1
1393878120,1
1393881420,1
1393884420,1
1393884900,1
1393886760,1
1393887420,1
1393888260,1
1393888320,1
1393889460,1
1393889520,1
1393889640,1
1393889760,1
1393891560,1
1393894320,1
1393894980,1
1393896780,1
1393898580,1
1393898880,1
1393899000,1
1393905840,1
1393936440,1
1393938240,1
1393938960,1
1393944360,1
1393944420,1
1393944780,1
1393945620,1
1393946580,1
1393947180,1
1393947840,1
1393947960,1
1393948080,2
1393948800,1
1393948980,1
1393949820,1
1393950780,1
1393951680,1
1393952400,1
1393953180,2
1393953780,2
1393953900,1
1393955520,1
1393956180,1
1393956240,1
1393957980,1
1393958640,1
1393959180,1
1393960380,1
1393961100,1
1393964640,1
1393965540,1
1393965780,1
1393968000,1
1393968180,1
1393970340,1
1393970400,1
1393971480,1
1393972200,1
1393974720,1
1393974780,1
1393974840,1
1393975080,1
1393975920,1
1393976040,1
1393976220,1
1393976880,1
1393977060,1
1393978080,1
1393979400,1
1393979460,1
1393979880,1
1393981920,1
1393982640,1
1393983720,1
1393984500,1
1393985940,1
1393995420,1
1394021820,1
1394023920,1
1394025120,1
1394026080,1
1394026140,1
1394026260,1
1394027100,1
1394027400,1
1394028240,1
1394029080,2
1394029200,1
1394029380,1
1394029560,1
1394030580,1
1394030640,1
1394030820,1
1394031060,1
1394031780,1
1394031840,1
1394032320,2
1394032980,1
1394033220,1
1394034180,1
1394034720,1
1394035560,1
1394037000,1
1394037360,1
1394038260,1
1394038920,1
1394040240,1
1394043240,1
1394043720,1
1394043780,1
1394043960,1
1394045220,1
1394045280,1
1394046420,1
1394046480,1
1394046960,1
1394047080,1
1394047860,1
1394048640,1
1394048760,1
1394049180,1
1394049300,1
1394049480,1
1394049780,1
1394051340,1
1394053020,1
1394054880,1
1394056200,1
1394057040,1
1394057340,1
1394057400,1
1394057460,1
1394059320,1
1394061780,2
1394062080,1
1394062740,1
1394064720,1
1394065200,1
1394065380,1
1394066160,1
1394068260,1
1394068980,1
1394106300,1
1394107380,1
1394110140,1
1394113560,1
1394113680,2
1394113740,1
1394113920,1
1394114400,1
1394116080,1
1394117160,1
1394117580,1
1394118360,1
1394119140,1
1394119320,1
1394119560,1
1394120520,1
1394120580,2
1394120820,1
1394121180,1
1394121780,1
1394121960,1
1394122020,1
1394124240,1
1394125680,1
1394126220,1
1394126700,1
1394127420,1
1394128200,1
1394128380,1
1394133120,1
1394149200,1
1394149380,1
1394149620,1
1394151300,1
1394151420,1
1394151720,1
1394151960,1
1394152320,1
1394153640,1
1394154600,1
1394156040,1
1394156100,1
1394156220,1
1394156760,1
1394157120,1
1394158680,1
1394159280,1
1394160180,1
1394161500,1
1394163900,1
1394164560,1
1394194980,1
1394195760,1
1394195940,1
1394197260,1
1394197320,1
1394198160,1
1394198760,1
1394199780,1
1394200680,1
1394201280,1
1394202000,1
1394202180,2
1394202900,1
1394203380,1
1394203560,1
1394204040,1
1394205480,1
1394207880,4
1394210220,1
1394212680,2
1394213400,1
1394213580,1
1394214360,1
1394215980,1
1394216040,1
1394216580,1
1394217780,1
1394217840,1
1394218320,1
1394218620,1
1394218740,1
1394219460,1
1394219940,1
1394220300,1
1394220780,1
1394221680,1
1394221980,2
1394223180,1
1394224560,1
1394225760,1
1394226060,1
1394226240,1
1394226540,1
1394226780,1
1394228220,1
1394228640,1
1394228700,1
1394228820,1
1394230620,1
1394230980,1
1394231100,1
1394231820,2
1394233080,1
1394233200,1
1394233380,1
1394234640,1
1394234940,1
1394235060,1
1394236500,1
1394237040,2
1394237700,1
1394239680,1
1394244960,1
1394251620,1
1394252640,1
1394253300,1
1394260440,1
1394265840,1
1394271900,1
1394285280,1
1394286420,1
1394289300,1
1394291820,3
1394291940,1
1394292420,1
1394295060,1
1394295480,1
1394297160,1
1394300940,1
1394301000,1
1394304780,1
1394304840,1
1394305020,2
1394305980,1
1394306160,1
1394306640,1
1394308500,1
1394308560,2
1394309400,1
1394309580,1
1394309940,1
1394310240,1
1394310480,1
1394310540,1
1394310660,2
1394311620,1
1394311740,1
1394311860,1
1394314680,1
1394315580,1
1394315640,1
1394316180,1
1394318760,1
1394321340,1
1394322240,1
1394322660,1
1394323140,1
1394323380,1
1394324160,1
1394326980,1
1394330580,1
1394338260,1
1394338980,1
1394343180,1
1394344620,1
1394345280,1
1394346420,1
1394347020,1
1394347920,1
1394348100,1
1394349420,1
1394350680,1
1394351220,1
1394353020,1
1394393220,1
1394393460,1
1394394120,1
1394394660,1
1394395260,2
1394395320,1
1394395440,1
1394395560,2
1394395620,1
1394395740,1
1394395860,1
1394395980,2
1394396100,1
1394396160,2
1394396280,3
1394396580,4
1394397000,1
1394398200,1
1394399280,1
1394399880,1
1394401020,1
1394401500,1
1394401860,1
1394402160,1
1394402640,1
1394403660,1
1394404680,2
1394405100,1
1394405580,2
1394407800,1
1394407920,1
1394408940,1
1394411100,1
1394411940,1
1394412120,1
1394419140,1
1394424060,1
1394448840,1
1394453400,1
1394453820,1
1394454360,1
1394455800,1
1394455860,1
1394456100,1
1394456340,1
1394456460,1
1394456760,1
1394456880,1
1394457420,1
1394457780,1
1394458080,2
1394458440,2
1394458920,1
1394459280,2
1394460120,1
1394461260,1
1394462280,1
1394463360,1
1394464020,2
1394464620,1
1394466780,1
1394467980,1
1394469120,1
1394469480,1
1394470680,2
1394471280,1
1394471520,1
1394471880,1
1394472480,1
1394473020,1
1394473860,1
1394473920,1
1394480820,1
1394481300,1
1394481480,1
1394482020,1
1394482140,1
1394483160,1
1394483460,1
1394484660,1
1394484960,1
1394485320,1
1394485740,1
1394486400,1
1394488440,1
1394488500,1
1394488740,1
1394488860,1
1394489280,1
1394489580,1
1394490300,1
1394490540,1
1394490660,1
1394491380,1
1394491860,1
1394491920,2
1394492040,1
1394492580,1
1394493480,1
1394494200,1
1394494260,1
1394494440,1
1394494980,1
1394496960,1
1394497380,2
1394497740,1
1394500980,1
1394507340,1
1394514960,1
1394536680,1
1394536860,1
1394537520,1
1394538240,1
1394539440,1
1394539920,1
1394540340,1
1394542920,1
1394543040,1
1394543340,1
1394543760,1
1394544300,1
1394544420,2
1394544720,1
1394546040,1
1394547180,1
1394547540,1
1394547600,1
1394547660,1
1394549940,1
1394551320,1
1394552040,1
1394552940,1
1394553720,1
1394554380,1
1394554500,1
1394554920,2
1394555160,1
1394555580,1
1394555940,1
1394556240,1
1394556360,1
1394556480,1
1394556840,1
1394557200,1
1394557560,1
1394557620,1
1394557800,1
1394557860,1
1394558820,1
1394559060,1
1394559780,1
1394560260,1
1394560380,2
1394561460,1
1394561640,1
1394562300,1
1394563140,1
1394565120,2
1394565480,1
1394565540,2
1394565840,1
1394565900,1
1394566920,1
1394568180,1
1394568480,1
1394568840,1
1394570100,1
1394570400,1
1394571000,1
1394571480,1
1394571780,1
1394572140,1
1394572680,1
1394572800,1
1394572860,1
1394573100,1
1394573640,1
1394575140,1
1394575320,1
1394575800,2
1394575980,1
1394577120,1
1394577960,1
1394578080,1
1394578740,1
1394579580,1
1394579700,1
1394580900,1
1394581320,1
1394581380,1
1394581500,1
1394582040,1
1394585100,1
1394585340,1
1394592480,1
1394599800,1
1394621880,2
1394623860,1
1394624400,1
1394626320,1
1394628360,1
1394628420,1
1394629560,1
1394629620,1
1394629680,2
1394631720,1
1394631840,1
1394632080,1
1394633700,1
1394634000,1
1394634300,1
1394634840,1
1394637180,1
1394637960,1
1394638860,1
1394639100,1
1394639700,1
1394640480,1
1394640600,1
1394640780,1
1394641740,1
1394642160,1
1394642520,1
1394643000,1
1394643300,1
1394644680,1
1394645640,1
1394646300,1
1394646840,1
1394647800,1
1394648340,1
1394648640,1
1394648700,1
1394649000,1
1394649480,1
1394649900,1
1394650020,1
1394650080,1
1394651400,1
1394651580,1
1394652480,1
1394652840,1
1394655000,1
1394655600,1
1394658120,1
1394658300,1
1394659140,1
1394661660,1
1394666160,1
1394666400,1
1394666460,1
1394669400,1
1394669640,1
1394670000,1
1394674320,1
1394680560,1
1394683680,1
1394710560,1
1394710680,1
1394713500,1
1394714820,1
1394715480,1
1394715540,1
1394716500,1
1394716800,2
1394717280,1
1394718660,1
1394719200,1
1394719860,1
1394720100,1
1394721060,1
1394721420,1
1394721780,1
1394722380,1
1394722800,1
1394723040,1
1394724120,1
1394725860,1
1394728320,1
1394729880,1
1394735400,1
1394736780,1
1394737380,1
1394740800,2
1394742000,1
1394743500,1
1394744340,2
1394745720,1
1394745960,1
1394746080,1
1394747100,1
1394747880,1
1394750400,1
1394750460,1
1394752500,1
1394753100,1
1394753280,1
1394754060,1
1394754180,1
1394754420,1
1394754660,1
1394754840,2
1394756100,1
1394761560,1
1394761860,1
1394763360,1
1394764860,1
1394767500,1
1394767560,1
1394768460,1
1394769060,1
1394770260,2
1394771460,2
1394772960,1
1394773500,1
1394773620,1
1394774760,1
1394775660,1
1394776860,1
1394777760,2
1394778660,1
1394779860,1
1394782260,1
1394783160,1
1394786160,1
1394787060,1
1394787960,1
1394789040,1
1394790060,1
1394790360,1
1394791260,1
1394792160,1
1394793060,1
1394793840,1
1394794620,1
1394795160,1
1394796660,1
1394797500,1
1394797560,1
1394797680,1
1394798460,1
1394799000,1
1394799360,1
1394799420,1
1394799960,1
1394800500,1
1394801460,1
1394802900,1
1394803140,1
1394803260,1
1394804100,1
1394804700,1
1394805180,1
1394806320,1
1394806560,1
1394807280,1
1394807460,1
1394808360,1
1394808420,1
1394808540,1
1394810160,1
1394810460,1
1394811480,1
1394811660,1
1394811960,1
1394812200,1
1394812620,1
1394812860,2
1394813040,2
1394814060,1
1394814180,1
1394814660,3
1394814780,1
1394815860,1
1394816460,1
1394817540,1
1394817960,1
1394819220,1
1394819340,2
1394821260,2
1394821560,1
1394821920,1
1394822340,1
1394822460,1
1394822640,1
1394823060,1
1394823240,1
1394824260,1
1394824320,1
1394824860,1
1394825460,1
1394826060,1
1394826300,1
1394826960,1
1394828040,1
1394828220,1
1394828700,1
1394828760,1
1394829180,1
1394829660,1
1394829960,1
1394830020,1
1394830260,1
1394830800,1
1394831220,1
1394831460,1
1394831580,1
1394831760,1
1394831940,1
1394832060,1
1394832180,2
1394832240,1
1394833260,1
1394834460,1
1394834760,1
1394834820,1
1394835360,1
1394835540,1
1394835840,2
1394836080,1
1394836140,1
1394836200,2
1394836260,1
1394836500,1
1394837040,1
1394837100,1
1394837880,3
1394838420,1
1394838720,1
1394838840,1
1394841900,1
1394842260,1
1394842560,2
1394842980,1
1394844300,1
1394844960,1
1394847420,1
1394850300,1
1394867880,1
1394885040,1
1394886060,1
1394890860,1
1394893860,1
1394894040,1
1394896980,1
1394900160,2
1394900760,1
1394900820,1
1394901180,1
1394902200,1
1394902560,1
1394904660,1
1394905260,1
1394905800,2
1394906760,1
1394909400,1
1394909460,1
1394909820,1
1394910060,1
1394910240,1
1394910660,1
1394911200,1
1394912100,2
1394912460,1
1394912640,1
1394912700,1
1394913480,1
1394913900,1
1394914260,1
1394914800,1
1394915700,1
1394916840,2
1394916900,1
1394916960,1
1394917380,1
1394919300,1
1394919960,1
1394920260,2
1394920920,1
1394921280,1
1394921460,1
1394922660,1
1394923560,3
1394924160,1
1394925660,1
1394930160,1
1394931360,1
1394935140,1
1394939160,1
1394944860,1
1394953260,1
1394974380,1
1394976360,1
1394977500,1
1394977560,1
1394979900,1
1394983500,1
1394984520,1
1394984760,1
1394986020,1
1394987280,1
1394988480,1
1394988660,2
1394991480,1
1394992260,1
1394992680,1
1394993580,1
1394994120,1
1394995860,1
1394995980,2
1394996760,1
1394996880,1
1394997000,1
