datetime,departures
1371152880,1
1371153060,1
1371153180,1
1371158160,1
1371158760,1
1371159960,2
1371160560,1
1371161460,1
1371161940,1
1371162000,1
1371162240,2
1371162360,1
1371162720,1
1371163320,1
1371163860,1
1371165660,1
1371165960,1
1371180960,1
1371187320,1
1371210120,1
1371213240,1
1371217320,1
1371218160,1
1371222420,1
1371223320,1
1371223680,1
1371224040,1
1371224160,1
1371224820,1
1371225180,3
1371226620,1
1371227100,1
1371227760,1
1371228420,1
1371228900,1
1371229560,1
1371230220,1
1371230400,1
1371231060,2
1371231180,1
1371231240,1
1371232440,1
1371232860,1
1371233400,1
1371234000,1
1371234120,2
1371238020,1
1371239160,2
1371239460,1
1371239580,1
1371239760,2
1371240480,1
1371240660,1
1371241440,2
1371241860,1
1371242220,1
1371242340,1
1371242460,2
1371242640,1
1371243240,2
1371244140,2
1371244620,1
1371244920,1
1371246240,1
1371246600,1
1371246660,1
1371247080,1
1371247140,1
1371247440,1
1371247800,3
1371255360,1
1371256740,1
1371257220,1
1371258060,1
1371260340,1
1371262020,1
1371285360,1
1371303180,1
1371304740,1
1371306060,1
1371307440,1
1371316560,1
1371316860,1
1371318180,1
1371319260,2
1371320580,1
1371322620,1
1371324060,1
1371326640,1
1371326880,1
1371327060,1
1371327180,2
1371327480,1
1371330660,1
1371331620,1
1371332580,1
1371332880,2
1371333060,1
1371333540,1
1371334200,1
1371336000,1
1371337080,1
1371337980,1
1371340440,1
1371340800,1
1371341820,1
1371341880,1
1371342600,1
1371342900,1
1371344400,1
1371344520,1
1371346320,1
1371346560,1
1371349440,1
1371350100,1
1371351240,2
1371352140,1
1371385320,1
1371385740,1
1371388380,1
1371390600,1
1371390960,1
1371391500,2
1371391920,1
1371399240,1
1371402060,1
1371404580,1
1371405240,1
1371406140,1
1371406440,1
1371408360,1
1371411000,2
1371413880,1
1371414900,1
1371415020,1
1371415140,1
1371415680,1
1371416040,1
1371416640,1
1371416760,1
1371416940,1
1371417900,1
1371419040,1
1371419760,1
1371419820,1
1371420420,2
1371420960,1
1371422700,1
1371424560,1
1371429720,2
1371429780,2
1371433740,1
1371435780,1
1371440040,1
1371440100,1
1371447240,2
1371468360,1
1371468780,1
1371471600,1
1371471840,1
1371472860,1
1371473460,1
1371473640,1
1371474660,1
1371474840,1
1371475560,2
1371476640,1
1371476820,1
1371480420,1
1371483600,1
1371483780,1
1371484560,1
1371485100,1
1371486060,1
1371486240,1
1371486360,1
1371486600,1
1371489540,1
1371489960,1
1371490740,1
1371493140,1
1371494460,1
1371494520,1
1371495300,1
1371499740,1
1371500700,1
1371501000,1
1371502140,1
1371502680,1
1371502740,1
1371503100,1
1371503340,1
1371504060,1
1371504300,1
1371504420,1
1371504480,1
1371504600,2
1371504900,1
1371505020,2
1371505140,1
1371505200,1
1371505500,2
1371505620,1
1371505680,1
1371505800,1
1371506160,3
1371506220,2
1371506700,1
1371507900,1
1371508740,1
1371509700,1
1371510180,1
1371510240,1
1371510900,1
1371515580,1
1371516660,1
1371523620,1
1371550260,1
1371553080,1
1371554400,1
1371554700,1
1371556440,1
1371557760,1
1371558780,1
1371562080,1
1371562860,2
1371563460,2
1371564600,1
1371566040,1
1371568560,1
1371573000,1
1371573420,1
1371573960,1
1371574200,2
1371574860,1
1371574920,1
1371576900,1
1371577560,1
1371579000,1
1371580080,1
1371582540,2
1371583380,1
1371590460,1
1371590940,1
1371595140,1
1371596400,1
1371601920,1
1371603480,2
1371603960,1
1371604260,1
1371605280,1
1371605940,1
1371606000,1
1371606240,1
1371606420,2
1371607380,1
1371609540,3
1371610020,1
1371610320,1
1371612780,1
1371612840,1
1371614760,2
1371616680,1
1371616740,1
1371626820,2
1371640140,1
1371642060,1
1371642720,1
1371643560,1
1371643980,1
1371644040,1
1371645360,1
1371645660,1
1371646980,1
1371647040,1
1371647100,1
1371648840,1
1371651900,1
1371652020,1
1371654780,2
1371656100,1
1371657060,3
1371657360,1
1371657540,1
1371658380,2
1371658500,1
1371659520,1
1371660300,3
1371660960,1
1371662340,1
1371662700,1
1371662820,1
1371663780,1
1371664620,1
1371665160,3
1371665220,1
1371667200,1
1371667740,1
1371668160,1
1371668940,1
1371670200,1
1371670380,1
1371670740,1
1371671700,1
1371672360,1
1371672660,1
1371672900,1
1371673080,1
1371673680,2
1371673800,1
1371674160,1
1371675000,2
1371675600,2
1371677160,1
1371677940,1
1371678480,7
1371678540,1
1371681960,1
1371685080,2
1371685740,1
1371687480,1
1371687900,1
1371691080,1
1371692940,1
1371693240,1
1371695820,1
1371695940,1
1371697200,1
1371700920,1
1371706800,1
1371709740,1
1371727260,1
1371729360,1
1371730260,1
1371732180,1
1371732780,1
1371734100,1
1371734160,1
1371734460,1
1371735420,1
1371735600,2
1371735840,2
1371737400,1
1371738120,1
1371738720,1
1371740400,1
1371740640,1
1371740760,1
1371741840,1
1371744000,2
1371744660,1
1371745020,1
1371746460,1
1371748560,1
1371749100,1
1371749220,1
1371749580,1
1371749640,2
1371750900,1
1371753540,1
1371753900,1
1371755100,1
1371755340,1
1371756480,1
1371758040,2
1371758220,1
1371758640,1
1371760440,1
1371760920,1
1371761040,1
1371761340,1
1371761760,1
1371762060,1
1371762300,1
1371762480,1
1371762720,1
1371762900,3
1371763920,3
1371764100,1
1371764280,1
1371764400,1
1371764640,2
1371764940,2
1371765000,1
1371765420,1
1371765600,1
1371765720,1
1371765840,1
1371765960,2
1371766140,2
1371766260,2
1371766440,1
1371766860,2
1371766920,1
1371767100,1
1371767640,1
1371768480,2
1371776940,1
1371779160,1
1371782160,1
1371784320,1
1371789540,1
1371789720,1
1371791580,1
1371795600,1
1371798420,1
1371807240,1
1371810120,1
1371815400,1
1371817080,1
1371817740,2
1371820020,1
1371820260,1
1371820620,1
1371820740,1
1371821040,1
1371823380,2
1371824040,1
1371825180,1
1371825420,1
1371825780,1
1371826860,1
1371827100,1
1371827280,1
1371827640,1
1371827760,1
1371828300,1
1371828840,2
1371829740,1
1371830040,1
1371830940,1
1371831000,2
1371831300,1
1371831480,2
1371832260,1
1371832500,1
1371833340,1
1371833700,1
1371834060,1
1371834660,2
1371835200,2
1371835920,1
1371836340,1
1371836760,1
1371837240,2
1371837360,1
1371837480,1
1371837840,1
1371838320,1
1371838800,1
1371839160,1
1371839340,1
1371843060,1
1371844020,1
1371844500,2
1371844620,1
1371845640,1
1371845820,2
1371845880,1
1371846480,1
1371847140,1
1371847260,2
1371847440,1
1371847860,1
1371847920,1
1371848040,1
1371848100,1
1371848460,1
1371848820,1
1371853860,1
1371855000,1
1371855480,1
1371857040,1
1371857280,2
1371857400,1
1371857460,1
1371857640,1
1371857760,1
1371857820,1
1371858000,1
1371858120,1
1371859020,1
1371859140,1
1371859500,1
1371859800,1
1371862980,1
1371866220,1
1371867780,1
1371868260,1
1371883860,1
1371883980,1
1371895800,1
1371902820,1
1371906720,1
1371909540,1
1371912180,1
1371913740,2
1371914220,3
1371914280,1
1371914700,1
1371915000,2
1371916260,1
1371916440,1
1371916560,1
1371918000,1
1371918900,3
1371919740,1
1371920580,1
1371921960,1
1371923160,1
1371923520,1
1371926400,1
1371926820,1
1371927120,3
1371927780,1
1371928500,1
1371928680,2
1371928860,1
1371929460,2
1371930000,1
1371931680,1
1371932040,1
1371932700,1
1371933240,1
1371933480,1
1371933900,1
1371934380,3
1371934440,1
1371934560,1
1371934620,1
1371935340,1
1371935580,1
1371935820,1
1371935940,1
1371936180,1
1371936300,1
1371936420,2
1371937440,2
1371939780,1
1371942720,1
1371952200,2
1371952800,1
1371952860,2
1371953400,1
1371953760,2
1371954960,2
1371956100,2
1371956340,1
1371956520,1
1371956760,1
1371965580,2
1371974280,1
1371988320,1
1371993840,1
1371994260,1
1371994800,1
1371997500,1
1371999120,1
1372003380,1
1372003800,1
1372004820,1
1372005660,1
1372007880,1
1372008600,1
1372008660,1
1372009800,1
1372010760,1
1372010880,1
1372011900,1
1372012440,1
1372012560,2
1372012860,1
1372014180,1
1372015200,1
1372018020,1
1372018860,1
1372021440,1
1372021680,1
1372022040,1
1372023120,1
1372023480,1
1372026480,1
1372027860,1
1372031760,1
1372033140,1
1372039920,1
1372040220,1
1372040700,1
1372041600,1
1372042920,1
1372044180,1
1372046220,1
1372047000,1
1372047360,1
1372047420,1
1372060080,1
1372068720,1
1372073640,1
1372073820,1
1372074000,1
1372074840,1
1372075680,1
1372075740,1
1372075980,1
1372077060,1
1372077420,2
1372077540,1
1372078320,1
1372078440,1
1372078620,1
1372078920,1
1372079040,1
1372079400,1
1372079820,1
1372079940,1
1372080180,1
1372081200,1
1372082880,1
1372084020,1
1372084920,1
1372085340,1
1372085760,1
1372085940,1
1372086060,1
1372086780,1
1372086960,1
1372087020,1
1372087560,1
1372088760,1
1372089840,1
1372089960,2
1372090500,1
1372091280,1
1372092660,1
1372093080,1
1372093860,1
1372094160,1
1372094460,2
1372095360,1
1372095540,1
1372095900,2
1372097760,1
1372098900,1
1372099260,1
1372099560,1
1372099740,1
1372100040,1
1372101960,2
1372102560,1
1372102860,1
1372103220,1
1372103400,1
1372105560,1
1372108440,1
1372108620,2
1372108860,1
1372110060,1
1372111260,1
1372112160,1
1372113960,1
1372114920,1
1372115460,1
1372116360,1
1372118760,1
1372120320,1
1372125060,1
1372129560,1
1372129620,1
1372157700,1
1372157820,1
1372159860,1
1372160400,1
1372161300,2
1372161420,1
1372161780,1
1372162440,1
1372162980,1
1372163100,2
1372163940,1
1372164060,1
1372164540,1
1372164600,2
1372164780,1
1372165260,1
1372166040,2
1372166100,1
1372166160,1
1372166940,1
1372167780,1
1372167840,1
1372169820,1
1372170600,1
1372171260,1
1372171620,1
1372172460,1
1372172760,2
1372175040,1
1372175160,1
1372175580,1
1372177020,1
1372177320,1
1372179840,2
1372180200,1
1372180380,1
1372181460,1
1372181760,1
1372182840,1
1372185480,1
1372185600,1
1372191480,1
1372192260,1
1372193040,1
1372193640,1
1372194000,1
1372194660,1
1372194840,1
1372194960,1
1372195560,4
1372195620,1
1372197180,1
1372197660,1
1372198200,1
1372198860,1
1372201320,1
1372201500,1
1372201920,1
1372202280,1
1372202340,1
1372202460,1
1372202520,1
1372202700,1
1372202760,1
1372248600,1
1372251180,2
1372251600,3
1372251660,1
1372251960,1
1372252080,2
1372252440,1
1372252740,1
1372252920,1
1372253100,2
1372253280,1
1372253520,1
1372253640,1
1372253940,1
1372254600,1
1372255740,1
1372256160,1
1372256460,2
1372257360,1
1372258200,1
1372259100,1
1372261560,1
1372262700,2
1372263660,1
1372264200,1
1372266300,1
1372266780,1
1372267260,3
1372267380,1
1372268160,2
1372268940,1
1372269660,1
1372270200,2
1372272600,1
1372275720,1
1372275960,1
1372277700,2
1372278120,1
1372281120,1
1372281180,1
1372282500,7
1372282860,1
1372283400,1
1372284600,1
1372285260,1
1372287060,1
1372288980,1
1372289700,4
1372289820,1
1372290180,1
1372290540,1
1372292040,1
1372297620,1
1372297680,1
1372297860,2
1372299540,1
1372307580,1
1372322100,2
1372328220,1
1372331880,1
1372332120,1
1372333680,1
1372334220,1
1372335660,2
1372336800,3
1372337760,2
1372338120,1
1372338540,1
1372338840,1
1372338960,1
1372339200,1
1372340400,1
1372344420,1
1372344780,1
1372345920,1
1372346580,1
1372347060,1
1372350240,1
1372350780,1
1372360680,1
1372360740,1
1372361100,1
1372361340,1
1372363620,1
1372363920,1
1372365660,2
1372366020,2
1372370400,12
1372370820,1
1372371000,1
1372375140,1
1372375500,1
1372376160,1
1372377300,1
1372378140,1
1372378860,1
1372379940,1
1372393740,1
1372398060,1
1372416060,1
1372420440,1
1372421220,1
1372422960,1
1372423440,1
1372423500,1
1372424160,3
1372425360,1
1372426560,1
1372427460,1
1372427520,1
1372427580,1
1372427880,1
1372428060,2
1372428420,1
1372428660,1
1372429080,1
1372430280,1
1372431000,1
1372432200,1
1372432680,1
1372434060,1
1372434360,1
1372434540,1
1372434720,2
1372435140,1
1372435260,1
1372435860,1
1372436460,1
1372437840,2
1372438320,1
1372438380,1
1372438500,1
1372439520,1
1372439760,1
1372440120,1
1372440180,1
1372440240,1
1372441140,1
1372441620,1
1372442760,1
1372443180,1
1372444920,1
1372445700,1
1372445760,1
1372446540,1
1372446660,2
1372446900,1
1372447920,1
1372447980,1
1372451520,2
1372452360,1
1372452840,1
1372454520,1
1372455240,1
1372456860,2
1372457160,2
1372458180,2
1372458360,1
1372458600,1
1372458660,1
1372459440,1
1372459560,2
1372460820,1
1372461360,1
1372463400,1
1372468980,1
1372472700,2
1372481340,1
1372482300,2
1372490460,1
1372500240,1
1372510380,1
1372518840,1
1372519020,1
1372519560,1
1372521060,2
1372521120,1
1372522260,3
1372528200,1
1372528680,1
1372534140,1
1372537140,3
1372537500,1
1372537560,2
1372540260,5
1372541520,2
1372541940,2
1372542120,1
1372542480,1
1372542720,1
1372543500,1
1372547220,2
1372547820,1
1372552680,1
1372553340,1
1372554600,1
1372555920,1
1372556700,1
1372558560,2
1372560120,1
1372561980,1
1372562520,2
1372571040,1
1372574760,1
1372575540,1
1372575600,2
1372586580,1
1372587120,1
1372587780,1
1372592220,1
1372596420,1
1372599540,1
1372599780,1
1372602300,1
1372602420,1
1372602840,1
1372603260,1
1372604160,1
1372607640,1
1372608600,2
1372611120,1
1372611240,1
1372612020,1
1372612380,1
1372613460,2
1372613700,1
1372614300,3
1372615140,1
1372615320,2
1372615860,1
1372615980,1
1372616400,1
1372618140,1
1372618560,1
1372618920,3
1372621560,1
1372622160,1
1372622760,1
1372623300,2
1372623480,1
1372625220,1
1372625280,1
1372625820,1
1372625940,1
1372626300,1
1372626360,1
1372626480,1
1372626720,1
1372626840,1
1372627920,2
1372628280,1
1372628580,2
1372629780,1
1372630140,1
1372631160,5
1372631340,1
1372631640,1
1372631700,2
1372634820,1
1372635540,2
1372636320,1
1372638480,1
1372638540,1
1372639020,1
1372641120,4
1372642920,1
1372642980,1
1372645020,2
1372645740,1
1372647720,1
1372649640,1
1372649940,2
1372677120,1
1372677180,1
1372680720,1
1372681020,2
1372681080,1
1372681800,1
1372682520,1
1372687020,3
1372689660,1
1372693140,1
1372694340,1
1372696080,1
1372697760,2
1372698180,1
1372699560,1
1372700940,1
1372701540,1
1372701840,1
1372702740,1
1372703460,1
1372704900,1
1372709040,1
1372711620,1
1372712100,1
1372713360,1
1372713420,1
1372713720,1
1372717860,3
1372717980,1
1372718880,1
1372719420,1
1372719720,1
1372721040,1
1372722060,1
1372725360,1
1372726920,3
1372727160,1
1372735320,2
1372737720,1
1372738740,2
1372738800,1
1372739460,1
1372744560,1
1372761780,1
1372763760,1
1372764060,1
1372764600,1
1372764900,1
1372765320,3
1372765500,1
1372765680,1
1372765920,2
1372766460,1
1372767360,1
1372767900,1
1372768140,1
1372768920,1
1372769040,1
1372774140,1
1372775460,1
1372775880,1
1372776300,1
1372777260,1
1372777500,1
1372778040,1
1372779420,1
1372780260,1
1372780800,1
1372782120,1
1372783440,1
1372783680,1
1372783860,1
1372785060,1
1372786260,1
1372786620,1
1372788060,1
1372790040,1
1372790760,1
1372791060,2
1372791120,1
1372794660,1
1372798140,1
1372798260,1
1372798500,2
1372799100,1
1372799280,1
1372799520,3
1372799820,1
1372800000,1
1372800120,2
1372800180,4
1372800240,2
1372800360,1
1372800480,1
1372800720,1
1372800900,1
1372801080,1
1372801260,5
1372801500,1
1372801620,2
1372801920,3
1372802100,1
1372802220,2
1372802580,1
1372802820,1
1372804020,1
1372804620,2
1372804800,1
1372809420,1
1372812000,1
1372812120,1
1372814160,1
1372815240,1
1372837560,1
1372837680,1
1372860360,1
1372862280,1
1372863360,1
1372864080,2
1372867860,2
1372868040,1
1372868100,1
1372868520,1
1372869060,2
1372869720,4
1372870020,1
1372870440,1
1372870560,1
1372870860,1
1372871460,1
1372873200,1
1372873380,1
1372873620,1
1372873680,1
1372877220,1
1372877700,1
1372878780,1
1372879140,2
1372882500,1
1372883460,1
1372883760,1
1372884060,1
1372884780,1
1372885560,1
1372885740,1
1372890060,1
1372890720,1
1372891260,1
1372892160,1
1372893060,1
1372894740,2
1372895820,1
1372899000,1
1372900320,1
1372901880,3
1372903260,1
1372903440,1
1372907880,1
1372909080,1
1372909260,1
1372911000,1
1372930740,1
1372949940,2
1372953060,1
1372953900,1
1372954620,1
1372955040,1
1372956420,1
1372960020,2
1372960560,1
1372961400,2
1372961460,1
1372961520,1
1372961880,1
1372964520,1
1372965000,1
1372965300,3
1372965420,3
1372966380,1
1372966500,2
1372967700,1
1372970280,1
1372974120,3
1372976460,1
1372980300,1
1372985400,1
1373020140,1
1373029140,1
1373030700,3
1373030940,1
1373032440,2
1373036700,1
1373039220,1
1373043120,1
1373044920,4
1373044980,2
1373045820,1
1373046360,2
1373047260,1
1373049660,1
1373050620,1
1373050800,2
1373050920,1
1373052240,1
1373052540,1
1373053320,1
1373060160,1
1373061660,1
1373069220,2
1373072460,1
1373074260,1
1373076420,2
1373076540,1
1373077020,1
1373077140,1
1373077200,1
1373077320,1
1373079960,1
1373080980,1
1373084040,2
1373084640,1
1373085600,1
1373086080,1
1373086500,1
1373086620,1
1373088240,1
1373100720,2
1373105880,1
1373112300,1
1373112660,1
1373117220,1
1373117700,1
1373121240,1
1373121420,1
1373122380,1
1373122500,1
1373124240,1
1373125560,1
1373127720,2
1373128560,1
1373128860,4
1373130480,1
1373133060,1
1373133180,2
1373133300,1
1373136300,3
1373136420,1
1373136900,1
1373137320,2
1373137440,1
1373137740,1
1373138100,2
1373138460,1
1373138760,1
1373140020,3
1373140260,1
1373141100,3
1373142120,2
1373144520,1
1373148300,1
1373149320,1
1373152200,1
1373152860,2
1373154300,2
1373154600,1
1373154660,3
1373161020,1
1373164860,1
1373173680,1
1373175000,4
1373196360,3
1373196480,1
1373196600,1
1373196720,1
1373196840,1
1373199840,2
1373203620,1
1373205000,1
1373205240,1
1373206320,1
1373208780,1
1373210160,1
1373214300,1
1373215260,1
1373218200,1
1373218260,1
1373221440,1
1373222880,1
1373223420,2
1373229660,1
1373229720,1
1373231220,1
1373231520,1
1373232120,2
1373232660,1
1373232780,1
1373233440,1
1373233860,1
1373234940,1
1373235960,2
1373237340,1
1373240640,2
1373244960,1
1373246520,1
1373251500,1
1373253060,1
1373254320,1
1373256120,1
1373260500,1
1373263260,1
1373263740,1
1373269800,2
1373276040,1
1373281080,1
1373282280,2
1373283660,1
1373284320,1
1373284440,1
1373284620,1
1373284740,2
1373284800,1
1373284920,1
1373285160,1
1373285460,1
1373286660,1
1373287140,1
1373287440,1
1373290260,1
1373292900,1
1373293200,2
1373294640,1
1373298900,1
1373300640,3
1373302200,1
1373302860,1
1373304300,1
1373307000,1
1373307120,1
1373307900,2
1373308080,1
1373308140,1
1373308920,2
1373310060,1
1373311200,2
1373311380,1
1373311500,1
1373311800,1
1373313060,1
1373314740,1
1373315100,4
1373315460,1
1373316420,1
1373317800,2
1373318340,1
1373319120,1
1373319720,1
1373327340,6
1373329140,1
1373329320,1
1373331900,1
1373333400,1
1373334540,1
1373335920,1
1373336280,1
1373362320,1
1373369280,1
1373369340,1
1373370360,1
1373370420,1
1373370600,1
1373371080,1
1373371800,2
1373371860,1
1373372100,1
1373372340,1
1373373300,1
1373374500,3
1373375340,1
1373375580,2
1373375640,2
1373375760,1
1373379540,1
1373379840,1
1373380920,1
1373381220,1
1373381280,2
1373382060,2
1373382540,1
1373383980,1
1373384040,2
1373384220,1
1373384340,1
1373384640,1
1373384880,1
1373385240,1
1373385300,1
1373385420,1
1373385780,1
1373385900,2
1373386020,1
1373386500,1
1373387340,1
1373388300,1
1373388900,2
1373389560,1
1373390220,1
1373390400,1
1373392260,1
1373392320,1
1373392680,1
1373392740,2
1373393100,1
1373393340,1
1373393700,1
1373393880,1
1373393940,1
1373394420,1
1373394540,1
1373399100,1
1373399340,1
1373399520,1
1373399640,1
1373400780,1
1373401080,1
1373404020,1
1373404260,1
1373404860,1
1373405640,1
1373407440,1
1373407920,2
1373408040,2
1373410260,2
1373410980,1
1373411100,1
1373411460,1
1373411580,1
1373411640,2
1373411760,6
1373411820,5
1373412480,1
1373415780,1
1373421600,2
1373425080,1
1373429580,1
1373430060,1
1373449800,1
1373451240,1
1373453340,1
1373455500,1
1373457420,1
1373458200,2
1373458500,1
1373459220,1
1373459400,1
1373460600,3
1373463300,1
1373463540,1
1373464920,2
1373466660,1
1373469060,1
1373469480,1
1373469900,2
1373470800,1
1373472000,1
1373472540,1
1373473440,2
1373474640,1
1373475600,1
1373475780,1
1373476080,1
1373476740,1
1373477580,1
1373477640,1
1373479920,1
1373480580,1
1373481660,1
1373482140,1
1373483100,1
1373484000,1
1373484120,1
1373484540,1
1373484720,1
1373484780,1
1373485140,1
1373485440,1
1373485740,1
1373486100,1
1373486400,1
1373486520,1
1373487540,1
1373487660,1
1373489520,2
1373490540,1
1373491080,2
1373493060,1
1373493960,1
1373501040,1
1373501400,2
1373501520,1
1373501580,2
1373501820,1
1373501880,1
1373502960,1
1373503080,1
1373505960,1
1373508000,1
1373508120,2
1373509380,1
1373517060,1
1373521680,1
1373535120,1
1373537640,1
1373541660,1
1373544060,1
1373544300,2
1373544480,1
1373545260,1
1373546580,1
1373546700,1
1373547840,1
1373548080,1
1373548200,1
1373548620,1
1373549280,1
1373549460,1
1373549940,1
1373550240,1
1373550300,1
1373550840,1
1373551320,1
1373552580,1
1373553120,1
1373553540,1
1373554020,1
1373554620,1
1373554920,1
1373556300,3
1373557560,3
1373557920,1
1373557980,1
1373559240,1
1373560080,1
1373561460,1
1373561520,1
1373561700,2
1373562000,2
1373563800,2
1373568720,1
1373569200,1
1373569680,2
1373571480,1
1373572740,1
1373573640,1
1373578980,3
1373580480,1
1373581620,4
1373583720,1
1373584860,1
1373587800,1
1373589600,1
1373591640,1
1373592300,1
1373602260,1
1373605320,1
1373605500,1
1373605860,1
1373625240,1
1373625720,1
1373625780,1
1373626140,1
1373626200,2
1373626440,1
1373626500,1
1373626920,1
1373627100,1
1373627760,1
1373628000,3
1373628120,1
1373628300,1
1373629080,2
1373629320,1
1373629440,2
1373632740,1
1373633820,2
1373633940,2
1373634120,3
1373634600,1
1373634840,1
1373635020,1
1373637120,1
1373637360,1
1373637600,2
1373638260,2
1373638380,2
1373638500,2
1373639520,1
1373639820,1
1373639880,1
1373644020,1
1373644440,2
1373644500,1
1373647080,1
1373647560,1
1373647680,1
1373647920,2
1373648580,1
1373649360,1
1373649900,1
1373652900,2
1373653560,1
1373653740,1
1373655900,1
1373656920,1
1373657820,1
1373660820,1
1373665920,1
1373669280,1
1373680320,1
1373697180,1
1373714340,1
1373726280,1
1373726880,1
1373728560,1
1373730420,1
1373731920,1
1373732400,2
1373732520,2
1373734800,1
1373735520,1
1373736480,1
1373739120,1
1373740740,2
1373742660,1
1373743080,1
1373743680,2
1373745720,1
1373746620,1
1373749080,1
1373749620,1
1373749740,2
1373750400,2
1373751540,1
1373752800,2
1373752980,1
1373753220,1
1373753640,2
1373753700,1
1373754180,1
1373755380,1
1373758260,1
1373764740,1
1373767500,1
1373767920,1
1373769120,1
1373769360,1
1373769900,1
1373803920,5
1373804700,1
1373807280,2
1373812620,2
1373814960,1
1373815080,1
1373815260,1
1373816040,1
1373816460,1
1373817720,1
1373818320,1
1373818380,1
1373819880,1
1373821200,1
1373823480,1
1373825100,1
1373826360,1
1373831700,1
1373831880,1
1373832840,2
1373833260,1
1373835360,1
1373835420,1
1373835540,1
1373835900,2
1373836200,1
1373836920,1
1373837400,1
1373837520,1
1373838540,1
1373838840,1
1373841060,2
1373841540,1
1373841900,1
1373844540,1
1373847780,2
1373850660,2
1373851020,2
1373851440,1
1373852700,1
1373853540,1
1373854800,1
1373857680,1
1373857740,1
1373884860,1
1373886480,1
1373886720,1
1373887980,1
1373889840,1
1373889900,1
1373890080,1
1373890260,1
1373891040,1
1373891520,1
1373892180,1
1373892720,1
1373893140,1
1373893380,1
1373894340,1
1373894520,1
1373895060,1
1373895120,2
1373895300,1
1373895660,1
1373896620,2
1373897520,2
1373898000,1
1373898420,1
1373899980,1
1373902620,1
1373902860,1
1373903700,1
1373904000,1
1373904180,1
1373904360,1
1373906280,1
1373907480,2
1373908080,1
1373908380,1
1373913000,1
1373913600,1
1373914020,1
1373914920,1
1373915160,1
1373915400,1
1373915520,1
1373915640,1
1373915940,2
1373916120,1
1373916960,1
1373917680,1
1373917980,1
1373918160,1
1373918340,1
1373918640,1
1373919540,2
1373920500,1
1373921700,1
1373922120,2
1373922600,1
1373923560,2
1373925240,1
1373928720,1
1373929500,1
1373930940,2
1373933100,1
1373933940,1
1373937840,1
1373938140,1
1373940240,1
1373942040,1
1373959440,1
1373971980,1
1373973420,1
1373974080,1
1373975040,1
1373975280,1
1373975880,1
1373976300,1
1373977200,1
1373977320,1
1373977860,1
1373978040,1
1373978580,1
1373979120,1
1373979480,1
1373979540,1
1373980020,1
1373980260,2
1373980560,1
1373980920,2
1373982180,1
1373982240,1
1373982360,2
1373982540,1
1373984640,1
1373985540,1
1373988060,1
1373988540,1
1373988960,1
1373990220,1
1373991420,1
1373991960,1
1373992620,1
1373992920,1
1373992980,1
1373993940,1
1373995320,2
1373995560,1
1373997120,1
1373997300,1
1373998920,1
1373999580,1
1373999760,1
1374000060,1
1374000240,1
1374000420,1
1374000960,2
1374001320,1
1374001860,1
1374003120,1
1374003780,1
1374004020,1
1374005520,1
1374006180,1
1374006300,1
1374006660,1
1374008580,2
1374008880,1
1374010320,2
1374011460,1
1374012120,1
1374013980,1
1374016320,1
1374016560,1
1374021360,1
1374028620,1
1374033420,1
1374041580,2
1374057900,1
1374060900,1
1374061800,1
1374062820,2
1374062880,2
1374063540,1
1374064740,3
1374064920,1
1374065220,1
1374065340,1
1374065700,1
1374066000,1
1374066120,2
1374066360,1
1374067140,1
1374067560,1
1374067860,1
1374068100,1
1374068460,2
1374069180,1
1374069360,1
1374070560,1
1374070620,1
1374071580,3
1374072600,1
1374073080,1
1374073860,1
1374075120,1
1374075180,1
1374075240,2
1374076680,2
1374077520,1
1374078300,1
1374078480,1
1374078780,1
1374079500,1
1374080700,2
1374081600,1
1374083100,1
1374083400,1
1374083520,1
1374084420,1
1374085680,1
1374086340,1
1374093000,1
1374093120,1
1374094200,1
1374095040,1
1374095280,1
1374098580,1
1374099480,1
1374101340,1
1374101700,1
1374102480,1
1374102720,1
1374102960,1
1374103140,1
1374106320,1
1374106980,1
1374107280,1
1374109560,1
1374110640,1
1374111000,1
1374111840,1
1374117840,1
1374118320,1
1374121320,1
1374128520,1
1374128580,1
1374128760,1
1374130260,1
1374141780,1
1374143460,1
1374144000,1
1374144660,1
1374145920,1
1374146100,1
1374146280,1
1374146340,1
1374147480,1
1374147660,1
1374147720,2
1374148020,2
1374148380,2
1374148740,1
1374148920,3
1374149220,1
1374149340,1
1374150240,1
1374150360,1
1374150780,1
1374151140,1
1374151620,1
1374152520,1
1374152700,1
1374153240,1
1374154320,1
1374155220,1
1374155880,1
1374156300,1
1374158040,1
1374158520,1
1374159240,1
1374159780,2
1374160500,1
1374161160,1
1374161640,1
1374162000,2
1374164160,1
1374164400,1
1374164520,1
1374164640,1
1374165720,1
1374166020,1
1374166740,1
1374166800,1
1374167160,1
1374169800,1
1374170220,1
1374171180,1
1374172020,1
1374172980,1
1374173100,1
1374174420,1
1374174540,1
1374174720,1
1374174840,1
1374175860,1
1374178440,1
1374179460,1
1374180060,1
1374180720,1
1374181800,1
1374181920,1
1374182220,1
1374183900,1
1374186840,1
1374187560,1
1374189540,1
1374189600,1
1374192240,1
1374192420,1
1374192540,1
1374194400,2
1374195720,1
1374196140,1
1374205740,1
1374224280,1
1374232320,1
1374232500,1
1374233220,1
1374233400,1
1374233520,1
1374234180,2
1374235560,1
1374235980,1
1374237060,1
1374237720,1
1374237840,1
1374237900,1
1374238320,1
1374238440,1
1374238560,1
1374238680,1
1374238920,1
1374240000,1
1374240480,1
1374240660,1
1374240720,1
1374241140,2
1374242520,1
1374244440,1
1374244620,1
1374247080,2
1374250200,1
1374250740,1
1374251340,1
1374251820,2
1374251880,2
1374252300,2
1374252540,1
1374253560,1
1374256020,2
1374256560,1
1374257700,1
1374257940,1
1374258180,1
1374258480,1
1374259140,2
1374259200,1
1374259320,1
1374259500,1
1374259560,1
1374259680,1
1374260940,1
1374261060,2
1374261180,1
1374261240,1
1374261360,1
1374263160,1
1374264780,1
1374266040,1
1374266700,1
1374266880,1
1374267120,1
1374267240,1
1374269400,1
1374269580,3
1374273240,1
1374274020,2
1374274380,1
1374275700,1
1374275760,1
1374275880,1
1374276120,1
1374276420,1
1374277020,2
1374277740,1
1374277980,1
1374286140,1
1374289200,2
1374289380,1
1374289740,1
1374296760,1
1374297720,1
1374299340,1
1374299820,1
1374301320,1
1374302520,1
1374303540,1
1374319620,1
1374320400,1
1374322500,1
1374323640,1
1374328320,2
1374328440,1
1374331020,1
1374332400,1
1374332520,1
1374333120,1
1374333180,1
1374333960,1
1374338940,1
1374339240,1
1374340980,1
1374343140,1
1374343920,1
1374344340,1
1374345240,1
1374347100,1
1374348000,1
1374349380,2
1374350760,2
1374351000,1
1374351240,1
1374352860,1
1374353160,1
1374353400,1
1374353820,1
1374353940,1
1374354120,2
1374356100,1
1374357120,1
1374357720,1
1374358560,1
1374358860,1
1374362280,1
1374363960,1
1374364320,1
1374364740,1
1374364800,1
1374365340,1
1374365400,1
1374365460,1
1374365820,2
1374367140,1
1374367620,2
1374367980,2
1374368100,1
1374368340,1
1374370320,2
1374372300,1
1374373320,1
1374375240,1
1374376440,1
1374376560,1
1374376680,2
1374378000,1
1374380520,1
1374381480,1
1374384780,2
1374386940,1
1374387180,1
1374387600,1
1374387900,1
1374391980,1
1374393360,2
1374411240,1
1374413280,1
1374416340,1
1374417960,1
1374418080,1
1374418440,1
1374419940,1
1374420900,1
1374421080,1
1374421800,1
1374421860,1
1374422340,1
1374422760,2
1374424560,1
1374424800,1
1374426840,1
1374427320,1
1374429240,1
1374433500,1
1374433920,1
1374434400,1
1374435840,1
1374437700,1
1374438000,1
1374438840,1
1374439200,1
1374439920,2
1374440040,2
1374440280,1
1374441960,1
1374442920,1
1374445200,1
1374445380,1
1374452400,1
1374452760,1
1374452820,1
1374453480,1
1374453960,1
1374457920,1
1374458340,1
1374461640,1
1374462840,1
1374462900,1
1374463800,1
1374468540,1
1374479760,2
1374488880,1
1374491580,1
1374492480,1
1374493740,1
1374493860,1
1374494040,1
1374494640,1
1374494760,1
1374495360,1
1374496080,3
1374496440,1
1374497460,1
1374498120,1
1374499500,1
1374499620,1
1374500640,1
1374501060,1
1374501360,1
1374502980,1
1374503460,1
1374503640,1
1374503940,1
1374504120,1
1374505500,1
1374507540,1
1374508020,1
1374508500,1
1374508860,2
1374509220,1
1374509400,1
1374509580,1
1374510180,1
1374510780,1
1374511200,1
1374512760,1
1374513360,1
1374514320,1
1374514620,1
1374514800,1
1374514980,1
1374515100,1
1374515220,1
1374516000,1
1374517140,1
1374517500,1
1374518340,1
1374518520,1
1374518760,2
1374520680,1
1374520740,1
1374522120,2
1374524100,1
1374524700,1
1374526440,1
1374526800,1
1374526980,1
1374527100,1
1374527220,2
1374527580,4
1374527700,1
1374528360,1
1374528660,1
1374528840,2
1374528900,2
1374529080,2
1374529200,3
1374529260,3
1374529440,1
1374529620,1
1374529740,1
1374530040,1
1374530940,1
1374531600,1
1374531720,1
1374531900,2
1374532560,2
1374534120,1
1374534840,1
1374536760,1
1374539460,1
1374541440,1
1374541740,1
1374541800,1
1374542340,1
1374544980,1
1374566400,1
1374566460,1
1374574500,1
1374578400,1
1374579540,1
1374580140,1
1374581580,1
1374582000,1
1374582300,1
1374582600,1
1374583140,2
1374583920,1
1374583980,1
1374584340,1
1374584640,1
1374584880,1
1374585060,1
1374585240,1
1374585660,1
1374587940,2
1374588000,2
1374588240,1
1374588480,1
1374588900,1
1374589920,1
1374590700,1
1374590880,2
1374591000,2
1374591180,1
1374591240,1
1374592320,1
1374593220,2
1374593760,1
1374595800,1
1374595920,3
1374596280,1
1374596340,1
1374597000,2
1374597780,1
1374598200,2
1374598320,1
1374600720,1
1374600840,1
1374601020,1
1374601920,1
1374603480,1
1374606000,1
1374606240,1
1374607440,1
1374608160,1
1374608460,1
1374608820,1
1374609120,1
1374609480,1
1374610200,1
1374611340,1
1374611580,1
1374611640,1
1374612180,1
1374612900,2
1374613020,1
1374613680,2
1374613920,3
1374613980,1
1374614280,1
1374614640,1
1374614760,1
1374615180,4
1374615420,1
1374615720,4
1374616080,1
1374617640,1
1374617700,1
1374618720,1
1374619320,1
1374622440,1
1374622560,1
1374622980,2
1374623040,1
1374626280,1
1374628380,1
1374628680,1
1374629280,1
1374629700,1
1374630180,1
1374630840,1
1374632100,1
1374635160,1
1374637740,1
1374642660,2
1374667020,1
1374667140,1
1374667440,1
1374668340,1
1374668580,1
1374669060,1
1374669180,1
1374669420,1
1374669600,1
1374670800,1
1374670980,1
1374671040,1
1374672240,1
1374672780,1
1374672960,2
1374673320,1
1374673440,1
1374673560,1
1374673800,1
1374675060,1
1374676320,1
1374676740,1
1374677280,1
1374678480,1
1374680700,1
1374681240,2
1374681900,1
1374682200,2
1374682260,2
1374682620,1
1374682740,2
1374682980,1
1374684480,1
1374685320,1
1374685500,2
1374685680,1
1374685800,1
1374686400,1
1374686460,1
1374686520,2
1374686820,2
1374686880,1
1374687420,1
1374687600,2
1374688680,1
1374689220,1
1374689340,1
1374690480,1
1374691800,2
1374692280,2
1374692400,1
1374692580,2
1374694020,1
1374694140,2
1374694200,1
1374695460,1
1374695580,2
1374696120,1
1374696840,1
1374697080,1
1374698040,1
1374698760,3
1374699060,1
1374699180,1
1374699480,1
1374700800,2
1374700980,2
1374701100,3
1374701340,1
1374701640,1
1374701760,1
1374702120,1
1374702240,3
1374702480,3
1374702600,1
1374702660,1
1374702840,1
1374703080,1
1374703140,2
1374703320,1
1374703740,1
1374704340,1
1374704880,1
1374705720,1
1374708060,3
1374708240,1
1374708300,2
1374708420,1
1374708480,2
1374708540,1
1374708660,4
1374708780,1
1374709020,1
1374709140,2
1374709320,1
1374709380,1
1374709680,1
1374710460,1
1374711720,1
1374712440,1
1374712740,1
1374713640,1
1374714660,1
1374714720,1
1374717840,1
1374719460,1
1374720960,1
1374721920,1
1374751680,1
1374753060,1
1374753540,1
1374754980,1
1374755340,1
1374755460,1
1374755700,3
1374756660,2
1374756840,1
1374757560,3
1374757680,1
1374758580,2
1374759120,1
1374759540,1
1374760080,1
1374760920,1
1374762840,1
1374763860,1
1374764700,1
1374765420,1
1374767580,1
1374768540,1
1374768780,2
1374768960,1
1374769620,1
1374770640,1
1374771300,1
1374771840,1
1374772740,2
1374773040,1
1374773760,2
1374775140,1
1374775980,1
1374776640,1
1374777180,1
1374777480,1
1374777840,1
1374777960,2
1374778500,1
1374778980,2
1374779400,1
1374780420,1
1374780720,1
1374780900,1
1374781320,1
1374781740,1
1374782100,1
1374782760,1
1374784980,1
1374785220,2
1374785400,1
1374786180,2
1374786480,1
1374786720,1
1374786960,2
1374787080,1
1374787200,1
1374787380,3
1374787740,1
1374788160,2
1374788340,1
1374788520,2
1374788640,1
1374788760,2
1374788820,1
1374788880,2
1374789720,1
1374790080,1
1374792000,2
1374792120,2
1374792900,1
1374795240,1
1374795600,1
1374795720,1
1374797100,1
1374803820,1
1374807780,1
1374832500,1
1374840120,1
1374841020,1
1374841140,1
1374842100,1
1374842280,1
1374842340,2
1374842700,1
1374843120,1
1374843420,1
1374843780,1
1374844440,1
1374844740,1
1374845640,2
1374847200,1
1374848520,1
1374849120,1
1374849840,1
1374851400,1
1374851640,2
1374851700,2
1374852420,1
1374855360,1
1374855600,2
1374856020,1
1374856080,1
1374856680,1
1374857280,1
1374858060,1
1374858720,1
1374858960,2
1374859020,1
1374859140,1
1374860220,1
1374860520,1
1374860820,2
1374861120,1
1374861300,1
1374861360,1
1374862560,1
1374862680,2
1374862740,1
1374863280,1
1374863520,2
1374863700,1
1374863880,4
1374864480,1
1374865020,1
1374865440,3
1374865800,2
1374866040,1
1374866220,1
1374866520,1
1374868500,1
1374870600,1
1374871080,2
1374871320,1
1374871500,1
1374871620,1
1374871800,1
1374871860,1
1374871920,1
1374872760,1
1374872880,2
1374873000,1
1374873180,2
1374873240,1
1374873300,1
1374873420,3
1374873480,1
1374873600,1
1374873840,1
1374874320,1
1374874380,1
1374874620,1
1374875040,1
1374875340,1
1374876000,2
1374876600,1
1374876720,1
1374876840,1
1374876900,2
1374877020,1
1374877260,1
1374877320,1
1374877440,2
1374877680,1
1374877860,1
1374877980,1
1374878220,1
1374879660,1
1374880140,1
1374880320,2
1374880920,1
1374881640,1
1374882300,1
1374887400,1
1374887580,1
1374887760,1
1374890040,2
1374890220,1
1374891660,1
1374891960,1
1374892620,1
1374899520,1
1374903240,1
1374933060,1
1374933240,1
1374936720,1
1374937800,1
1374940440,1
1374941700,1
1374943260,1
1374943680,1
1374944700,1
1374944820,1
1374946860,2
1374946980,1
1374949320,1
1374950400,1
1374952320,1
1374954420,1
1374954480,1
1374954720,1
1374955920,1
1374956400,1
1374956760,1
1374957000,1
1374957780,1
1374959040,1
1374960000,1
1374962280,1
1374962340,2
1374962760,2
1374963360,1
1374963540,1
1374965040,2
1374965220,1
1374966060,1
1374966960,1
1374969780,1
1374977640,1
1374978480,1
1374980520,1
1374986160,1
1374989880,1
1374991560,2
1375000740,1
1375007100,1
1375011480,1
1375014600,1
1375016340,1
1375017900,1
1375018140,1
1375018560,1
1375019280,2
1375021500,1
1375023120,1
1375023960,1
1375024860,1
1375025760,1
1375025820,1
1375025940,1
1375028160,2
1375028400,1
1375030260,2
1375031700,1
1375032000,1
1375033260,1
1375033440,2
1375033620,1
1375035120,2
1375036020,1
1375038240,1
1375038420,2
1375039560,1
1375040040,1
1375040820,1
1375041000,1
1375041600,1
1375042500,1
1375043040,1
1375045680,1
1375046040,2
1375046160,6
1375046280,2
1375046580,1
1375047000,1
1375047720,1
1375048200,1
1375054920,1
1375061820,1
1375066140,1
1375090200,1
1375094580,1
1375098000,1
1375098480,1
1375098840,1
1375099440,2
1375100400,2
1375100820,1
1375101000,1
1375101060,1
1375101840,1
1375102080,1
1375102140,1
1375102500,1
1375102680,1
1375102980,1
1375103160,1
1375103340,1
1375104180,1
1375104660,1
1375104720,2
1375104780,1
1375104900,1
1375106400,1
1375106580,1
1375106940,1
1375107600,1
1375107720,1
1375107900,1
1375108620,1
1375109100,1
1375109520,1
1375110000,2
1375111260,1
1375112100,1
1375112160,1
1375112400,2
1375112580,1
1375113840,1
1375114560,2
1375114740,1
1375115100,1
1375115340,1
1375115460,2
1375116000,1
1375116360,2
1375116660,1
1375116900,1
1375117800,1
1375118040,1
1375118700,1
1375119360,1
1375119480,1
1375119720,1
1375120140,1
1375121940,1
1375122420,1
1375123500,1
1375123740,1
1375123860,1
1375124160,1
1375124460,1
1375124520,1
1375124760,1
1375125780,1
1375126080,1
1375126260,1
1375126500,1
1375127520,1
1375128300,1
1375128420,1
1375129440,1
1375129980,1
1375130160,1
1375130340,1
1375131660,1
1375131780,1
1375132020,1
1375132200,2
1375132320,1
1375132440,4
1375132500,1
1375132560,1
1375133040,2
1375133160,2
1375133280,1
1375133340,1
1375133580,3
1375133640,1
1375134000,1
1375134240,1
1375134360,1
1375134840,1
1375135320,1
1375137120,3
1375137180,4
1375137360,1
1375137600,2
1375137660,1
1375137960,1
1375138080,1
1375139340,2
1375139460,2
1375139640,3
1375139880,1
1375140060,1
1375140180,2
1375140240,1
1375140600,1
1375141380,1
1375143300,1
1375144260,1
1375145400,1
1375146300,1
1375146360,1
1375146420,1
1375148460,3
1375148580,2
1375151760,1
1375154760,2
1375156020,1
1375180620,1
1375183440,1
1375183800,1
1375183980,1
1375184340,1
1375184760,1
1375184880,1
1375185360,1
1375185600,1
1375185780,1
1375186200,1
1375186800,2
1375186860,1
1375186920,2
1375186980,1
1375187100,1
1375187160,1
1375187220,2
1375187340,1
1375187460,3
1375187640,2
1375187700,1
1375187760,4
1375187940,4
1375188360,1
1375188600,1
1375189020,1
1375189260,1
1375189560,1
1375191180,1
1375191480,2
1375191660,1
1375191780,1
1375192080,1
1375192380,1
1375192620,1
1375192680,1
1375192980,1
1375193280,1
1375193400,1
1375193520,1
1375193880,1
1375194060,1
1375195380,1
1375195560,1
1375196760,1
1375197240,1
1375197600,1
1375197900,1
1375198200,1
1375198740,1
1375199220,1
1375199340,1
1375199400,2
1375199880,1
1375200360,1
1375200600,1
1375201140,1
1375201920,1
1375202760,1
1375203060,1
1375203960,1
1375204440,1
1375204560,1
1375205520,1
1375206660,1
1375207560,1
1375207620,1
1375208640,1
1375210500,1
1375210740,1
1375211640,1
1375211820,1
1375212480,2
1375214100,1
1375217520,1
1375217760,1
1375217880,2
1375218000,2
1375218420,2
1375218480,1
1375218540,1
1375218600,1
1375218720,1
1375218840,1
1375218960,3
1375219200,1
1375219320,2
1375219620,3
1375219680,1
1375219920,2
1375219980,1
1375220100,2
1375220160,1
1375220400,2
1375220580,2
1375220700,2
1375220880,2
1375221060,2
1375222920,1
1375223100,3
1375223940,2
1375224000,1
1375224120,3
1375224180,1
1375224300,4
1375224360,3
1375224420,1
1375224540,1
1375224600,1
1375226760,1
1375229160,1
1375229340,1
1375233120,1
1375233240,1
1375233660,2
1375234920,1
1375242120,1
1375242180,2
1375269600,1
1375270020,1
1375270440,1
1375270980,1
1375298100,1
1375307340,1
1375307880,1
1375308300,3
1375308600,1
1375308780,4
1375308960,1
1375309140,1
1375309200,1
1375309320,2
1375309380,2
1375309740,1
1375310340,3
1375310400,2
1375310520,2
1375310580,1
1375310940,1
1375311180,1
1375311360,1
1375311420,1
1375311540,1
1375311600,1
1375312380,2
1375312620,1
1375313400,1
1375314720,1
1375314960,1
1375317300,1
1375318020,1
1375323720,1
1375327800,1
1375327980,1
1375328400,1
1375334760,1
1375335420,1
1375337820,1
1375352340,1
1375354560,1
1375356480,1
1375356840,1
1375357560,2
1375357800,1
1375357860,1
1375358340,1
1375358880,1
1375360200,1
1375363560,1
1375364460,1
1375365240,1
1375365360,1
1375365600,1
1375365840,1
1375365960,1
1375366020,2
1375367100,1
1375370640,1
1375383000,1
1375384380,1
1375385760,1
1375387440,1
1375389840,1
1375391580,1
1375391700,1
1375392060,1
1375392960,1
1375393440,1
1375393560,1
1375394100,1
1375394940,2
1375395180,2
1375395240,2
1375395780,1
1375395840,1
1375395960,1
1375396440,1
1375396680,2
1375396740,1
1375396920,1
1375397340,1
1375397460,1
1375397700,1
1375398000,1
1375398240,1
1375398360,1
1375398420,2
1375398780,1
1375398900,1
1375399020,1
1375399260,1
1375399620,1
1375399740,1
1375399920,2
1375400100,1
1375400160,1
1375400220,1
1375400340,1
1375401900,1
1375405260,1
1375408500,1
1375409820,1
1375415160,1
1375423860,1
1375424880,1
1375426260,1
1375426320,1
1375427340,1
1375438200,1
1375440960,1
1375441080,1
1375442100,1
1375442460,1
1375444080,1
1375444140,1
1375444440,1
1375446060,2
1375446180,1
1375448580,2
1375448700,1
1375449600,1
1375449780,1
1375449960,2
1375450560,1
1375451520,1
1375452120,1
1375452960,1
1375453260,1
1375454580,2
1375457100,1
1375457460,1
1375458720,1
1375459020,1
1375459440,1
1375459860,1
1375460160,1
1375460460,1
1375460820,1
1375461000,1
1375461720,2
1375462200,1
1375462500,2
1375463100,1
1375463460,1
1375463580,3
1375464660,1
1375464900,2
1375465020,1
1375465260,3
1375465920,2
1375465980,1
1375466280,1
1375467240,1
1375467360,3
1375467600,1
1375467660,3
1375467720,1
1375467960,1
1375468140,1
1375469100,3
1375469460,1
1375469520,1
1375469820,1
1375470360,1
1375470840,4
1375471380,1
1375471440,1
1375472040,1
1375472880,2
1375473900,1
1375474080,2
1375474380,3
1375474980,1
1375475040,1
1375476480,1
1375476780,2
1375477200,1
1375477500,1
1375477680,1
1375477740,1
1375478580,1
1375482060,2
1375483380,1
1375483440,1
1375483620,1
1375483740,2
1375484040,1
1375484100,3
1375484580,1
1375486380,2
1375486560,1
1375487280,1
1375487520,1
1375488540,1
1375489920,1
1375490580,1
1375492740,1
1375493460,1
1375494240,1
1375495860,1
1375496040,2
1375497000,1
1375499520,1
1375499700,1
1375506660,1
1375513500,1
1375517940,1
1375532220,1
1375538940,1
1375540860,2
1375540920,1
1375543860,1
1375544700,1
1375550820,1
1375551180,1
1375551360,1
1375554420,1
1375556760,1
1375557180,1
1375557360,2
1375557900,1
1375561320,1
1375562520,1
1375563180,1
1375563540,1
1375564380,1
1375564920,2
1375565940,1
1375566480,1
1375566600,1
1375566720,1
1375566900,1
1375566960,1
1375567740,3
1375567860,1
1375568100,1
1375568880,2
1375569660,1
1375570380,1
1375571880,1
1375572360,1
1375574640,1
1375577280,1
1375577340,1
1375578600,1
1375579320,2
1375582140,1
1375582740,2
1375587780,1
1375588380,1
1375589160,1
1375590480,1
1375592040,2
1375593960,1
1375594680,1
1375594980,1
1375595820,1
1375603080,1
1375604220,2
1375604460,1
1375608900,1
1375619400,1
1375623660,1
1375626300,1
1375626840,2
1375627680,1
1375630200,1
1375630680,1
1375633080,4
1375633800,1
1375634280,1
1375634340,1
1375634400,1
1375634640,1
1375634760,1
1375637220,1
1375640580,1
1375640820,1
1375642680,2
1375643940,1
1375645860,2
1375648680,1
1375648740,2
1375650000,2
1375650060,1
1375651620,1
1375652040,1
1375653240,1
1375654440,1
1375657680,2
1375660260,1
1375662900,2
1375663140,1
1375666560,1
1375666620,1
1375667820,1
1375669020,2
1375672080,1
1375675380,3
1375676040,1
1375676220,1
1375677600,1
1375702920,1
1375704900,2
1375705440,1
1375705680,1
1375706280,3
1375706400,1
1375707480,1
1375707540,1
1375707840,2
1375708200,1
1375709340,1
1375709640,1
1375709940,1
1375710240,1
1375710720,2
1375712520,1
1375712640,3
1375713720,1
1375714200,1
1375715580,2
1375715700,1
1375717380,1
1375717560,1
1375717740,1
1375718280,1
1375719780,2
1375719840,1
1375720020,1
1375720200,1
1375721160,1
1375721280,1
1375721580,1
1375722240,1
1375722480,1
1375722780,1
1375723080,3
1375725240,2
1375725540,1
1375725720,1
1375725900,2
1375726620,2
1375728000,1
1375729560,1
1375729800,1
1375730700,1
1375732380,1
1375732800,2
1375733220,1
1375733280,1
1375733460,1
1375733640,1
1375733820,1
1375734360,1
1375734540,1
1375735080,2
1375735140,1
1375735680,1
1375737240,1
1375737360,1
1375737420,1
1375737480,2
1375737840,2
1375738080,2
1375738200,1
1375738320,2
1375738440,2
1375738500,1
1375738860,3
1375739040,1
1375739640,2
1375740360,2
1375741380,2
1375741740,2
1375741860,2
1375742100,1
1375742340,1
1375742640,1
1375742940,3
1375743960,2
1375744080,3
1375744320,2
1375744620,1
1375744740,1
1375746000,1
1375746600,1
1375751100,1
1375752900,1
1375754940,1
1375755960,1
1375756080,1
1375756920,1
1375757820,1
1375758120,1
1375758960,1
1375763520,1
1375765980,1
1375771620,1
1375784040,1
1375785300,1
1375790880,3
1375791000,1
1375791840,1
1375792080,1
1375792500,1
1375793040,1
1375793640,1
1375793880,1
1375793940,3
1375795380,1
1375795740,1
1375796160,1
1375796520,2
1375796700,1
1375796880,2
1375797360,1
1375797960,1
1375798680,3
1375798920,2
1375799520,1
1375799760,1
1375800960,1
1375801500,1
1375801680,1
1375801860,1
1375802580,1
1375802700,1
1375803300,1
1375803360,1
1375803540,2
1375803900,1
1375804620,2
1375805160,1
1375805340,3
1375805400,1
1375805460,1
1375805580,1
1375805700,2
1375805820,2
1375806840,1
1375807440,1
1375808100,1
1375810080,1
1375811040,1
1375811160,1
1375811820,2
1375812540,1
1375812840,1
1375813260,1
1375813980,1
1375814160,1
1375814220,1
1375815840,1
1375820460,1
1375821480,1
1375821720,2
1375822260,1
1375822380,1
1375822500,3
1375822860,1
1375823400,1
1375823640,1
1375823760,1
1375823940,2
1375824000,1
1375824480,2
1375824840,2
1375825020,1
1375825080,2
1375825260,1
1375826340,4
1375826820,1
1375827060,4
1375827180,1
1375827240,2
1375827300,2
1375827360,1
1375827420,3
1375827540,4
1375828320,1
1375828860,1
1375830480,1
1375830660,1
1375831080,1
1375832400,1
1375832820,1
1375834920,1
1375835580,1
1375837320,1
1375837740,1
1375842480,1
1375843260,1
1375844580,1
1375868700,1
1375870920,1
1375871700,1
1375874520,1
1375875300,1
1375876380,1
1375876800,1
1375876860,1
1375877700,1
1375879320,1
1375879740,2
1375879800,2
1375880760,1
1375881000,1
1375881780,2
1375882260,1
1375882500,1
1375883100,1
1375884180,1
1375884600,1
1375885440,1
1375885620,2
1375886100,1
1375886400,2
1375889580,1
1375889700,1
1375890960,1
1375891140,1
1375891320,1
1375892040,1
1375892520,1
1375893840,1
1375894560,1
1375894860,1
1375895400,1
1375895880,1
1375896240,1
1375896300,1
1375897080,1
1375897440,1
1375897500,1
1375897560,1
1375897740,1
1375898220,1
1375898880,1
1375900020,1
1375900440,1
1375900560,1
1375901340,1
1375901640,2
1375902660,1
1375902840,1
1375903860,1
1375904220,1
1375904820,1
1375905660,2
1375906200,2
1375906320,3
1375906800,1
1375907820,2
1375908060,2
1375908660,1
1375908780,2
1375909440,1
1375909560,1
1375909860,1
1375910100,1
1375910280,2
1375910640,3
1375910880,1
1375911540,3
1375911600,1
1375911900,1
1375912020,2
1375912860,1
1375913160,1
1375913340,2
1375913520,2
1375913760,1
1375914000,1
1375914120,1
1375914480,3
1375914720,1
1375914900,2
1375914960,1
1375915020,1
1375915380,3
1375915560,2
1375915680,1
1375915920,1
1375918440,2
1375918740,2
1375918860,1
1375918920,2
1375918980,1
1375919160,1
1375919340,3
1375919460,3
1375919640,1
1375919760,3
1375919820,1
1375920000,1
1375920120,2
1375921380,1
1375922280,1
1375922400,1
1375922580,1
1375924380,1
1375925280,1
1375925940,1
1375928640,1
1375932360,1
1375934400,1
1375935840,1
1375939740,1
1375940040,1
1375940520,1
1375941120,4
1375947300,2
1375957440,1
1375958820,1
1375959780,2
1375960020,1
1375960140,1
1375960260,1
1375962540,1
1375964820,1
1375964940,1
1375965480,1
1375965600,1
1375967880,2
1375967940,1
1375968180,1
1375968300,2
1375968360,1
1375968420,1
1375968840,2
1375968900,1
1375969560,1
1375969740,1
1375969800,1
1375971420,1
1375971480,2
1375971720,1
1375973340,1
1375974600,1
1375975080,1
1375975320,1
1375975440,2
1375975920,1
1375976400,1
1375977240,1
1375978140,2
1375979640,1
1375980000,1
1375980180,1
1375980840,1
1375981140,2
1375981980,4
1375982340,1
1375982520,1
1375982940,1
1375983060,1
1375983300,1
1375983780,1
1375984440,2
1375985040,1
1375986240,3
1375986540,1
1375987440,1
1375988640,1
1375988940,4
1375991400,1
1375991580,1
1375992300,1
1375992600,1
1375993140,1
1375993440,1
1375994280,1
1375995660,1
1375995840,4
1375995900,1
1375996080,4
1375996260,1
1375996380,1
1375996440,1
1375996620,2
1375997040,1
1375997100,1
1375997160,3
1375997460,1
1375997580,1
1375997820,1
1375997880,2
1375998240,1
1375998360,1
1375999740,1
1376000340,1
1376002740,1
1376003580,2
1376004240,1
1376004780,1
1376005020,1
1376005140,1
1376006220,2
1376006280,2
1376006460,1
1376007180,1
1376008860,1
1376008980,1
1376009040,1
1376009100,1
1376010300,1
1376010420,1
1376010900,1
1376011080,2
1376012040,1
1376012100,1
1376012940,2
1376013360,1
1376013900,1
1376014500,1
1376014680,1
1376015220,1
1376015640,1
1376016780,1
1376017080,2
1376017560,1
1376017620,2
1376017740,2
1376017860,1
1376018460,1
1376019780,1
1376020680,1
1376020800,1
1376021880,1
1376044620,1
1376050440,1
1376051640,1
1376053440,2
1376054580,1
1376055300,1
1376056140,2
1376057280,1
1376057940,1
1376058720,1
1376059140,1
1376059500,3
1376060400,1
1376060700,1
1376064240,1
1376064600,1
1376065260,1
1376065860,1
1376066160,1
1376066520,1
1376067240,1
1376068020,1
1376068080,1
1376068320,1
1376068740,1
1376069100,2
1376069580,2
1376069760,1
1376070180,2
1376070240,2
1376070600,1
1376070660,2
1376070840,1
1376071080,2
1376071260,1
1376072340,1
1376072460,1
1376072580,4
1376073360,1
1376073420,1
1376073540,1
1376073900,1
1376074020,1
1376074380,1
1376074980,2
1376076360,1
1376076780,1
1376078040,1
1376078700,1
1376079420,1
1376079540,1
1376079900,2
1376080080,2
1376080140,1
1376080260,1
1376080440,1
1376081100,1
1376081400,3
1376081520,1
1376081820,2
1376082300,2
1376082660,1
1376082780,1
1376083980,1
1376085180,1
1376085840,1
1376086620,1
1376087520,2
1376088180,1
1376088600,2
1376088720,1
1376089740,2
1376090220,2
1376090400,3
1376091180,1
1376091840,1
1376092080,1
1376093220,1
1376093460,1
1376093520,1
1376094180,2
1376094420,3
1376095680,1
1376096400,1
1376096640,1
1376096880,1
1376097180,1
1376098140,1
1376101620,2
1376106000,1
1376106120,1
1376106900,1
1376107560,1
1376107860,1
1376108400,1
1376108520,1
1376108640,1
1376108880,1
1376116800,1
1376117100,2
1376140080,1
1376140860,1
1376143800,1
1376144100,1
1376145000,1
1376145540,4
1376145660,1
1376145960,1
1376146680,1
1376146980,1
1376147940,1
1376148060,1
1376148360,1
1376151240,1
1376151360,1
1376151960,1
1376154300,1
1376155560,1
1376155620,1
1376155680,1
1376156460,3
1376157360,1
1376157540,1
1376158140,1
1376158320,1
1376158500,1
1376161140,1
1376161500,1
1376162460,4
1376162700,1
1376164020,1
1376164620,2
1376164860,1
1376166600,1
1376166720,1
1376167620,1
1376167920,1
1376168040,1
1376169300,2
1376169600,1
1376169720,1
1376169960,1
1376170140,1
1376170560,2
1376172240,1
1376172540,1
1376172660,1
1376174880,1
1376175360,1
1376175780,1
1376176680,2
1376176740,1
1376178540,1
1376182560,1
1376184960,1
1376185320,1
1376185440,1
1376185920,1
1376186460,1
1376186640,1
1376190720,1
1376191140,1
1376194320,1
1376207040,1
1376227020,1
1376227140,2
1376227980,1
1376228100,1
1376228760,1
1376233560,1
1376233680,1
1376233800,2
1376234580,1
1376235360,1
1376235840,1
1376235960,2
1376236440,1
1376237700,2
1376238300,1
1376238360,1
1376238540,2
1376240100,1
1376241240,1
1376241420,2
1376243040,2
1376243340,3
1376243400,1
1376244180,1
1376244660,2
1376245200,1
1376247360,1
1376247480,1
1376248320,1
1376249460,1
1376250180,1
1376250300,1
1376250480,1
1376250660,2
1376251020,1
1376251380,4
1376253300,1
1376254740,1
1376254860,2
1376255160,1
1376255400,2
1376255580,2
1376256180,1
1376258940,1
1376259060,1
1376259480,1
1376259540,1
1376259780,2
1376260080,1
1376260800,1
1376261340,1
1376262300,1
1376262660,1
1376264940,1
1376266020,1
1376266140,1
1376267760,2
1376271120,1
1376271780,1
1376277540,2
1376277960,1
1376278140,1
1376282400,1
1376308620,1
1376309220,1
1376310120,1
1376310240,1
1376310900,1
1376310960,1
1376311560,1
1376312160,1
1376312520,2
1376314440,1
1376314980,1
1376315340,1
1376315640,1
1376315880,1
1376316720,1
1376316900,1
1376317080,1
1376317680,1
1376319120,1
1376319300,1
1376320380,1
1376320500,1
1376321580,1
1376321700,2
1376321760,1
1376322060,1
1376322300,1
1376322660,1
1376322840,1
1376323380,1
1376323440,1
1376323860,1
1376324940,1
1376325240,1
1376326320,1
1376326500,1
1376327700,1
1376328540,1
1376329080,1
1376329500,2
1376329740,1
1376330580,1
1376331360,1
1376331660,1
1376332320,1
1376332680,2
1376332980,1
1376333340,1
1376333640,1
1376334480,3
1376334720,1
1376334960,1
1376336340,2
1376336460,1
1376336640,1
1376337960,1
1376340840,1
1376341200,1
1376341560,1
1376342220,1
1376342640,1
1376344080,1
1376344980,1
1376346000,1
1376346960,2
1376347200,3
1376347320,2
1376347440,1
1376347800,2
1376348760,4
1376349000,2
1376349180,2
1376349360,2
1376349480,1
1376349600,3
1376349780,1
1376349840,1
1376349960,1
1376350200,2
1376350260,3
1376351100,1
1376351280,1
1376351820,1
1376356020,1
1376356560,1
1376356680,1
1376357880,1
1376358480,1
1376358900,2
1376361780,1
1376361900,1
1376388660,1
1376392320,1
1376393100,1
1376394660,1
1376395080,1
1376399640,1
1376401260,1
1376401440,2
1376412960,1
1376414760,1
1376417400,1
1376417760,1
1376419380,1
1376419740,1
1376420340,1
1376421120,1
1376422200,1
1376422440,1
1376422500,1
1376423940,1
1376425200,1
1376425320,1
1376425560,1
1376425800,4
1376427120,1
1376427540,1
1376427780,1
1376428560,1
1376429160,1
1376429820,1
1376430240,1
1376430720,1
1376433180,1
1376433600,1
1376434140,1
1376434680,1
1376435220,1
1376436840,1
1376437260,1
1376437380,2
1376438700,2
1376439540,1
1376440980,1
1376441100,1
1376443140,1
1376443260,1
1376445300,1
1376445420,1
1376450760,1
1376469900,1
1376479140,2
1376479440,1
1376481240,1
1376482440,1
1376483340,1
1376483400,1
1376484060,3
1376484240,1
1376484840,1
1376486160,1
1376486880,1
1376487000,1
1376487540,1
1376487600,1
1376487840,1
1376488440,5
1376488800,2
1376489040,2
1376489280,1
1376490240,1
1376490480,1
1376491140,1
1376491320,1
1376491620,1
1376491800,1
1376492460,1
1376492760,1
1376493660,1
1376494260,2
1376497320,2
1376497680,1
1376498340,1
1376498880,1
1376499240,2
1376499360,1
1376499780,2
1376500380,1
1376500860,4
1376501760,1
1376503080,2
1376503320,1
1376503440,1
1376503500,1
1376503560,1
1376503920,1
1376503980,2
1376504280,1
1376504760,1
1376504940,1
1376505480,1
1376505960,1
1376506080,1
1376506440,1
1376507100,1
1376507220,1
1376509500,1
1376509980,1
1376511360,1
1376511420,1
1376511540,1
1376511840,1
1376513040,1
1376513340,1
1376513580,1
1376513760,1
1376513880,1
1376514540,2
1376514660,2
1376514780,1
1376514840,1
1376514960,3
1376515020,1
1376515200,3
1376515500,2
1376516160,1
1376516820,1
1376517240,1
1376517480,1
1376517900,2
1376518260,1
1376519280,1
1376519940,1
1376522220,1
1376525520,1
1376525640,1
1376526180,2
1376526360,1
1376527500,1
1376530080,1
1376533020,3
1376533320,2
1376533500,1
1376533560,1
1376533920,1
1376534700,1
1376534820,1
1376535540,1
1376535780,1
1376536080,1
1376536920,1
1376537340,1
1376539680,1
1376540940,2
1376541060,1
1376542140,2
1376547420,1
1376559060,1
1376566020,2
1376566140,1
1376567220,1
1376567460,1
1376567520,2
1376567580,2
1376567820,3
1376567880,1
1376568180,1
1376568420,1
1376568600,1
1376568900,2
1376569320,1
1376569380,2
1376569680,1
1376569860,1
1376570580,1
1376570700,1
1376571000,1
1376571420,1
1376571480,1
1376571660,1
1376572140,1
1376572800,1
1376573040,1
1376573940,1
1376574660,1
1376575080,1
1376575140,2
1376575380,1
1376575680,1
1376576460,1
1376579100,1
1376579160,1
1376579580,1
1376580060,1
1376581980,1
1376582760,1
1376582880,1
1376583000,1
1376583420,1
1376583840,1
1376584320,1
1376584800,1
1376584980,3
1376585460,1
1376585580,1
1376585700,1
1376586300,1
1376586480,1
1376587740,2
1376587800,1
1376588100,1
1376588400,1
1376588940,1
1376589000,2
1376589780,1
1376590080,1
1376591400,1
1376591520,3
1376591760,1
1376592540,1
1376593200,1
1376593440,2
1376593680,1
1376593740,1
1376593920,1
1376596320,1
1376596980,1
1376599860,1
1376600400,2
1376600520,1
1376600580,1
1376600760,1
1376600940,1
1376601000,1
1376601180,3
1376601360,1
1376601420,3
1376601480,1
1376601600,2
1376601720,2
1376601780,1
1376601960,2
1376602020,1
1376602080,1
1376602140,1
1376602320,2
1376602380,1
1376603280,1
1376603340,1
1376603640,1
1376604000,1
1376604240,1
1376604420,1
1376604780,1
1376607180,1
1376609220,1
1376609520,1
1376611920,1
1376613060,1
1376613540,1
1376617260,1
1376617680,1
1376618340,1
1376621040,1
1376621760,1
1376622900,1
1376627220,1
1376627940,1
1376629980,1
1376632200,1
1376636280,1
1376647080,1
1376648340,1
1376652120,1
1376654160,1
1376655480,1
1376655540,1
1376655840,1
1376656500,1
1376656680,1
1376656920,1
1376657340,1
1376658660,1
1376659680,1
1376660700,1
1376660820,1
1376662320,1
1376662860,1
1376664180,1
1376665740,1
1376666220,1
1376666340,1
1376666460,1
1376667300,1
1376667780,1
1376668260,1
1376668620,1
1376668920,1
1376669160,1
1376669760,1
1376670060,1
1376670300,1
1376671860,2
1376672220,2
1376672640,1
1376673000,1
1376673300,1
1376673480,1
1376674680,1
1376675100,1
1376675280,1
1376675400,1
1376675460,2
1376676180,2
1376676600,1
1376677140,1
1376678040,1
1376679240,3
1376679480,1
1376679840,1
1376680140,1
1376680200,1
1376681040,1
1376682360,1
1376682420,1
1376682720,1
1376682840,2
1376683260,1
1376683560,1
1376683800,1
1376683920,1
1376684160,1
1376684340,1
1376684520,2
1376685000,1
1376685360,1
1376685420,1
1376685840,1
1376685960,2
1376686140,1
1376686260,1
1376686860,1
1376686920,2
1376687100,2
1376687220,1
1376687340,2
1376687460,1
1376687520,1
1376687640,3
1376687700,2
1376687880,1
1376687940,2
1376688300,1
1376688960,1
1376691360,1
1376692980,2
1376693220,2
1376693280,1
1376694960,1
1376695560,1
1376712420,1
1376716620,1
1376716980,1
1376718720,1
1376719380,1
1376720760,2
1376720880,1
1376722860,1
1376726160,1
1376727600,1
1376735820,1
1376744760,1
1376744820,1
1376746320,1
1376747760,1
1376747880,1
1376748000,1
1376752920,1
1376753820,2
1376755200,1
1376759280,1
1376759640,1
1376759760,1
1376760120,1
1376760240,1
1376760420,2
1376761500,1
1376763960,1
1376764680,1
1376764860,1
1376764980,1
1376765460,1
1376766360,1
1376766960,1
1376767020,1
1376767200,2
1376767320,1
1376767980,1
1376768640,1
1376769120,1
1376769360,1
1376770020,1
1376770080,1
1376770380,1
1376770620,1
1376770920,1
1376771880,1
1376772060,2
1376772360,1
1376773740,2
1376774100,1
1376774520,2
1376775300,1
1376775420,1
1376776140,1
1376776260,2
1376776800,1
1376777340,1
1376777640,2
1376778000,1
1376779020,1
1376782200,1
1376782680,1
1376783040,1
1376784900,1
1376787420,2
1376787600,1
1376789220,1
1376789460,1
1376789640,1
1376790180,1
1376792520,1
1376794320,1
1376805780,1
1376825340,1
1376834040,1
1376840160,1
1376841120,1
1376841480,1
1376842140,1
1376844600,2
1376844720,2
1376849520,1
1376850120,1
1376850240,1
1376850720,2
1376851020,1
1376851620,1
1376853540,1
1376854980,1
1376856000,1
1376856060,1
1376856120,1
1376856600,1
1376857200,1
1376857380,1
1376857500,1
1376857800,1
1376859840,1
1376859900,1
1376861880,1
1376864160,1
1376864700,1
1376865060,1
1376866380,1
1376867220,1
1376870880,1
1376871060,1
1376872080,1
1376872800,1
1376874780,1
1376876820,1
1376877540,1
1376880720,1
1376881020,1
1376882520,1
1376883780,1
1376894100,2
1376905500,1
1376908860,1
1376913240,1
1376913780,1
1376914680,1
1376914920,1
1376915580,2
1376915760,1
1376916300,1
1376916480,1
1376916780,2
1376917020,1
1376917380,1
1376917440,2
1376917740,1
1376918160,1
1376918400,1
1376918820,2
1376919000,1
1376919360,1
1376919720,1
1376920200,1
1376920980,1
1376922660,1
1376923740,1
1376924160,4
1376924640,1
1376925600,1
1376926380,1
1376926620,1
1376926740,1
1376927160,1
1376927340,2
1376928420,2
1376928480,1
1376928720,1
1376928900,1
1376929980,1
1376930400,1
1376930580,1
1376930760,1
1376931060,1
1376931360,1
1376932260,1
1376932500,1
1376933340,1
1376933940,2
1376934240,1
1376934420,2
1376934660,1
1376934840,2
1376935260,1
1376935440,2
1376935500,1
1376936040,1
1376936880,1
1376938080,1
1376938800,1
1376939220,1
1376939400,1
1376939880,1
1376940720,1
1376940900,1
1376942460,1
1376942760,2
1376942940,1
1376943180,2
1376944320,1
1376944680,1
1376945280,1
1376946060,1
1376946360,1
1376946420,1
1376947440,1
1376948040,1
1376948700,2
1376948760,2
1376948940,1
1376949120,2
1376949240,4
1376949360,1
1376949480,1
1376949540,1
1376949600,3
1376949900,1
1376950200,1
1376950800,1
1376951460,1
1376955000,1
1376955420,1
1376955540,1
1376955780,1
1376957340,1
1376958780,1
1376960700,1
1376963640,2
1376970540,1
1376995200,1
1376997000,1
1376998620,2
1376999280,1
1377000600,1
1377001020,1
1377002460,1
1377002640,1
1377002880,1
1377003480,2
1377003720,1
1377003900,2
1377004200,1
1377004380,1
1377004680,3
1377004800,1
1377005040,1
1377005820,1
1377006180,1
1377006540,1
1377007320,1
1377007680,1
1377008040,1
1377008760,1
1377008880,1
1377009840,2
1377009960,1
1377011100,1
1377011880,1
1377012060,1
1377014760,1
1377014940,2
1377015420,1
1377015600,1
1377015780,1
1377016200,3
1377016620,1
1377017640,1
1377018900,1
1377019140,1
1377021840,1
1377022380,1
1377022500,1
1377022560,1
1377022860,1
1377023700,1
1377024360,1
1377024660,1
1377028500,1
1377028920,1
1377029580,1
1377029700,1
1377030120,1
1377030360,2
1377030480,2
1377031260,1
1377032280,1
1377032520,2
1377033300,1
1377033660,1
1377034080,1
1377034200,1
1377047280,1
1377063300,1
1377076680,4
1377079140,1
1377080280,1
1377082200,1
1377082320,1
1377084180,1
1377084480,1
1377084840,1
1377085440,2
1377086100,1
1377086520,1
1377086640,2
1377086940,1
1377087120,2
1377087240,1
1377087360,2
1377087540,2
1377087780,1
1377088020,2
1377088500,1
1377088680,1
1377089280,3
1377089460,1
1377089580,1
1377089700,2
1377089880,2
1377090120,2
1377090180,2
1377090840,1
1377091380,1
1377091680,1
1377092100,1
1377092340,1
1377092460,1
1377092700,1
1377092760,1
1377093060,1
1377094320,1
1377094680,1
1377094980,2
1377096720,1
1377096840,1
1377097020,1
1377097800,1
1377098040,1
1377098220,1
1377098340,1
1377098460,1
1377098640,1
1377098940,1
1377099180,1
1377100500,1
1377100560,1
1377101400,1
1377103020,1
1377103860,1
1377104220,1
1377104400,1
1377104580,3
1377104700,1
1377104940,1
1377105360,2
1377105600,1
1377106980,1
1377107400,1
1377107580,2
1377108960,1
1377109260,1
1377109800,1
1377109920,2
1377111660,1
1377111720,1
1377111840,1
1377114720,1
1377114840,1
1377115140,1
1377115680,1
1377116880,1
1377117420,1
1377117480,1
1377118860,1
1377119340,1
1377120240,1
1377120300,1
1377121380,1
1377121500,1
1377121860,2
1377123540,1
1377125100,1
1377126480,3
1377126840,1
1377126960,2
1377127020,1
1377127140,3
1377127260,3
1377127320,2
1377127440,2
1377127680,1
1377127860,3
1377127920,1
1377127980,1
1377130260,1
1377132120,1
1377136560,1
1377144120,1
1377155220,1
1377168600,1
1377171720,1
1377172140,1
1377172500,1
1377172920,1
1377174300,1
1377175080,1
1377176400,1
1377176820,2
1377177180,1
1377184920,1
1377186540,1
1377186720,1
1377186780,1
1377187080,1
1377187500,2
1377187920,1
1377187980,1
1377188100,1
1377188220,1
1377188280,1
1377188400,1
1377188520,1
1377188820,2
1377190380,1
1377190500,1
1377191280,2
1377191460,1
1377191520,1
1377191640,1
1377191700,1
1377194880,1
1377194940,1
1377197460,1
1377198060,1
1377199680,1
1377199800,1
1377201240,1
1377201360,1
1377201660,1
1377204360,1
1377204660,1
1377205080,1
1377205320,1
1377206100,2
1377206760,1
1377206880,2
1377207180,1
1377207360,1
1377209520,1
1377211620,1
1377212400,1
1377213120,1
1377214800,1
1377216000,1
1377216420,1
1377218280,1
1377219060,1
1377219420,1
1377219780,1
1377220080,1
1377220620,1
1377220680,2
1377220980,1
1377222060,1
1377222720,1
1377222900,1
1377223740,1
1377223860,1
1377224760,1
1377224880,1
1377225840,1
1377225900,1
1377226260,1
1377226800,1
1377227040,1
1377228180,2
1377228540,1
1377232860,1
1377243600,1
1377254280,1
1377254700,1
1377258000,1
1377258720,1
1377259200,2
1377259620,4
1377259920,1
1377260220,1
1377260520,1
1377260580,3
1377260700,1
1377261000,2
1377261180,1
1377261240,1
1377261300,2
1377261360,1
1377261480,1
1377261600,1
1377261660,1
1377261840,1
1377262080,1
1377262260,1
1377262740,1
1377263400,1
1377263880,1
1377264060,1
1377264300,1
1377264780,3
1377266160,1
1377266280,2
1377267480,1
1377267720,1
1377269880,1
1377270240,2
1377271080,1
1377272340,1
1377272520,1
1377273120,1
1377274080,1
1377274980,1
1377275220,1
1377275880,1
1377275940,1
1377276180,1
1377277680,1
1377277800,1
1377278040,1
1377279240,1
1377279480,2
1377279780,1
1377280020,1
1377280380,1
1377281340,1
1377281520,1
1377282780,1
1377283260,1
1377283440,1
1377283620,1
1377283680,2
1377283740,1
1377283920,1
1377284460,1
1377284640,1
1377284760,2
1377285540,1
1377285660,1
1377287040,2
1377288900,1
1377290820,1
1377290940,1
1377291240,1
1377291600,2
1377291840,2
1377292200,4
1377292380,2
1377292440,2
1377292800,1
1377292860,3
1377292920,2
1377293820,1
1377294360,1
1377294900,1
1377297360,1
1377297720,1
1377299520,1
1377301140,1
1377302520,1
1377304620,1
1377304800,2
1377305340,1
1377306300,1
1377306600,1
1377307260,1
1377308220,1
1377308460,1
1377308520,1
1377310620,1
1377310800,1
1377310860,1
1377312420,1
1377315120,1
1377315420,1
1377317160,2
1377317460,1
1377317940,1
1377318120,1
1377321720,1
1377322440,2
1377323640,1
1377324060,1
1377328920,2
1377331560,1
1377331680,2
1377332340,1
1377339180,1
1377343500,1
1377345000,1
1377350880,2
1377351000,1
1377352440,2
1377352500,1
1377354660,1
1377355200,1
1377357360,1
1377358500,1
1377358980,1
1377360060,1
1377360840,1
1377361140,1
1377361800,1
1377363960,1
1377364080,1
1377364860,2
1377365460,1
1377365820,1
1377365880,1
1377366720,2
1377366900,1
1377367080,1
1377367500,1
1377367560,1
1377368820,1
1377370320,1
1377370440,1
1377370920,1
1377371100,1
1377371760,1
1377372060,2
1377372180,4
1377372300,3
1377372360,1
1377372780,1
1377373020,1
1377373380,1
1377373860,1
1377374940,1
1377375300,1
1377375360,1
1377375720,1
1377376140,1
1377376500,1
1377376560,1
1377376860,1
1377377040,1
1377377640,1
1377377820,1
1377378000,1
1377378300,1
1377378420,1
1377379020,1
1377379800,1
1377381600,1
1377381900,1
1377382680,1
1377385800,1
1377390420,1
1377391980,1
1377394680,1
1377394860,2
1377395640,1
1377395700,1
1377396120,1
1377396420,1
1377411660,1
1377411720,1
1377424560,1
1377435000,1
1377439620,2
1377441480,1
1377443880,1
1377444420,1
1377445320,1
1377445440,2
1377446460,2
1377446880,1
1377446940,2
1377447060,1
1377448020,1
1377448920,1
1377449940,3
1377450180,1
1377450780,1
1377453360,2
1377454140,1
1377455040,1
1377455220,1
1377455340,1
1377456180,1
1377456420,1
1377459360,1
1377460260,1
1377461520,1
1377461640,1
1377462060,1
1377462300,1
1377462600,1
1377462840,1
1377464580,1
1377464820,2
1377465540,1
1377468240,1
1377468420,1
1377468840,2
1377470100,1
1377470580,1
1377471480,2
1377472260,1
1377473340,3
1377473400,3
1377475500,2
1377475620,2
1377476040,2
1377478680,2
1377486360,1
1377516360,1
1377516480,1
1377518100,1
1377518400,1
1377518940,1
1377520080,1
1377521160,1
1377521340,1
1377522000,1
1377522120,2
1377522540,1
1377522720,1
1377523440,1
1377523800,1
1377523860,1
1377524100,1
1377524760,1
1377524940,1
1377525300,1
1377525480,1
1377525900,1
1377526020,1
1377526920,1
1377527040,1
1377528180,1
1377528420,1
1377528900,1
1377530160,1
1377530640,1
1377531060,1
1377531720,1
1377531960,1
1377534540,1
1377535020,1
1377535560,1
1377535980,1
1377538680,1
1377538740,1
1377538860,1
1377539040,1
1377539280,1
1377539400,1
1377539640,1
1377540480,1
1377540900,1
1377541020,1
1377541200,1
1377541740,1
1377541980,1
1377542160,3
1377543540,1
1377544320,1
1377546720,2
1377547740,1
1377547920,1
1377548640,1
1377551580,2
1377551820,1
1377551880,1
1377553320,1
1377553680,1
1377553980,1
1377554520,1
1377555480,1
1377556560,1
1377556860,1
1377557280,1
1377558300,1
1377558840,1
1377559680,1
1377561000,1
1377561060,1
1377564960,1
1377565020,1
1377568980,1
1377570120,1
1377570540,1
1377575880,1
1377598800,1
1377598920,1
1377602400,1
1377603420,1
1377604320,1
1377604500,1
1377604620,1
1377605040,2
1377606480,1
1377607200,1
1377607560,1
1377607800,1
1377608040,1
1377608220,1
1377608340,1
1377608460,1
1377608520,2
1377608580,1
1377608880,1
1377609000,1
1377609480,1
1377609660,1
1377609720,2
1377610140,1
1377610200,1
1377610380,2
1377610440,1
1377610680,1
1377610740,1
1377610980,1
1377611160,1
1377611880,1
1377612240,1
1377614520,2
1377614760,1
1377615120,2
1377616260,1
1377618900,1
1377619920,1
1377620340,1
1377621000,1
1377621960,1
1377622080,1
1377622200,1
1377622260,1
1377622560,1
1377622740,1
1377622860,2
1377622920,1
1377623400,1
1377624060,1
1377624660,1
1377625140,1
1377627300,1
1377628980,1
1377630000,1
1377630180,1
1377631860,2
1377632040,1
1377632400,1
1377632940,3
1377634320,2
1377634440,3
1377634740,3
1377634980,2
1377635160,1
1377635400,1
1377635700,1
1377636360,1
1377637500,1
1377637680,2
1377638220,1
1377638460,4
1377638520,4
1377638700,3
1377638820,3
1377638940,1
1377639120,2
1377639300,1
1377639360,1
1377639600,1
1377639660,1
1377639780,3
1377640860,1
1377643800,1
1377644880,1
1377645540,1
1377649080,1
1377652200,1
1377655080,1
1377655200,1
1377656100,1
1377656580,1
1377656640,1
1377656760,1
1377656880,1
1377657180,1
1377657660,1
1377657780,4
1377657900,1
1377658200,1
1377658440,2
1377658800,1
1377658860,1
1377659700,1
1377660900,3
1377660960,1
1377661020,1
1377661260,2
1377661680,4
1377663180,1
1377663660,1
1377664020,1
1377664680,1
1377664740,2
1377666060,1
1377685920,1
1377688920,1
1377689100,1
1377689340,1
1377690360,1
1377690480,1
1377690720,1
1377691260,2
1377691620,1
1377692220,2
1377692460,1
1377693900,1
1377694380,1
1377694440,2
1377694560,1
1377694620,1
1377694860,1
1377695040,2
1377695160,1
1377697080,1
1377697140,1
1377697320,1
1377697440,2
1377697680,1
1377697740,1
1377698520,2
1377699060,1
1377699240,1
1377700080,1
1377700140,1
1377700380,2
1377700500,1
1377702720,1
1377702840,1
1377703920,1
1377704160,1
1377704400,1
1377704700,2
1377705180,1
1377705420,1
1377707580,1
1377713460,2
1377713640,1
1377715440,1
1377715560,2
1377715620,1
1377716220,1
1377721140,1
1377721860,1
1377722400,1
1377722640,1
1377722940,1
1377723180,2
1377723360,2
1377723780,1
1377724020,1
1377724080,1
1377725040,1
1377725400,2
1377725520,1
1377725640,1
1377726240,1
1377726360,1
1377726420,1
1377727080,1
1377727380,1
1377728400,1
1377729060,2
1377729240,1
1377730260,3
1377730500,1
1377730980,1
1377731880,2
1377732720,1
1377735180,1
1377736200,1
1377737580,1
1377737880,1
1377738240,1
1377741240,1
1377742320,1
1377743460,1
1377743940,1
1377744300,1
1377746040,1
1377747000,1
1377747360,3
1377748320,1
1377748740,1
1377749820,1
1377750060,1
1377750120,1
1377771720,1
1377773100,1
1377774420,1
1377774720,1
1377775800,1
1377777240,1
1377777960,1
1377778260,2
1377778320,1
1377778620,1
1377778980,1
1377780060,1
1377780600,1
1377780720,1
1377780960,1
1377781380,1
1377781680,1
1377783000,1
1377783660,1
1377783780,1
1377784500,1
1377784860,1
1377786300,1
1377786360,1
1377786420,1
1377786540,1
1377787080,2
1377787980,1
1377788460,1
1377789540,1
1377789900,1
1377789960,1
1377791880,1
1377792120,1
1377792180,1
1377793200,2
1377793320,1
1377793620,2
1377794880,1
1377795660,1
1377796020,1
1377796260,1
1377797340,1
1377797880,1
1377797940,1
1377798420,2
1377798600,1
1377799080,3
1377799260,1
1377799740,2
1377799980,1
1377800400,2
1377800640,1
1377802020,1
1377802740,1
1377804060,1
1377804180,1
1377805020,1
1377805080,1
1377805260,1
1377805380,1
1377805500,1
1377805560,1
1377805920,1
1377806100,1
1377806640,1
1377806820,1
1377807120,1
1377807180,2
1377807420,1
1377807960,2
1377808140,2
1377808200,1
1377808440,1
1377808500,2
1377808920,2
1377809100,1
1377809400,2
1377809700,1
1377809820,1
1377810240,1
1377811320,1
1377811380,1
1377811980,1
1377813240,2
1377813360,1
1377815220,1
1377816660,1
1377816780,1
1377821100,1
1377821280,1
1377821520,1
1377822720,2
1377822840,2
1377823680,1
1377824460,1
1377828660,1
1377832920,1
1377835680,1
1377838080,1
1377861240,1
1377862620,1
1377863700,1
1377864180,1
1377865860,1
1377866100,1
1377866220,1
1377867780,2
1377868020,1
1377868380,1
1377868500,1
1377868800,1
1377868980,2
1377869280,1
1377869460,2
1377869580,2
1377869700,1
1377869760,1
1377869940,1
1377870180,2
1377872700,1
1377873600,1
1377874320,1
1377874920,1
1377875280,1
1377877260,1
1377877680,1
1377877860,1
1377878040,1
1377878160,1
1377879360,1
1377880440,1
1377880500,1
1377881400,1
1377882480,1
1377882660,1
1377884040,2
1377884220,1
1377884280,1
1377884580,2
1377887340,1
1377888660,1
1377889140,1
1377889560,1
1377889740,1
1377890160,1
1377890580,1
1377891240,1
1377892200,1
1377893460,1
1377894420,1
1377895200,1
1377896520,1
1377896580,1
1377897480,1
1377897960,1
1377899700,1
1377900420,2
1377900480,1
1377900780,2
1377900900,1
1377901200,3
1377901260,1
1377901740,1
1377901860,1
1377902340,3
1377902460,2
1377902940,1
1377903120,1
1377903660,1
1377903720,1
1377906480,2
1377906600,1
1377908400,1
1377910320,1
1377911100,1
1377912840,1
1377914160,1
1377921660,1
1377927000,1
1377928380,1
1377936060,1
1377950940,1
1377951060,2
1377951660,1
1377954600,1
1377956220,1
1377956640,1
1377958320,1
1377959280,2
1377959760,1
1377959820,1
1377960540,1
1377960660,1
1377960780,1
1377961560,1
1377963840,2
1377968400,1
1377968820,3
1377969360,3
1377971880,3
1377972180,1
1377972360,1
1377973200,1
1377973860,1
1377973980,1
1377974280,1
1377974700,1
1377974880,1
1377975420,1
1377976920,1
1377977760,1
1377983040,1
1377984540,1
1377984840,2
1377985200,1
1377986940,1
1377987420,1
1377987480,1
1377991680,1
1377993000,2
1377993180,2
1377994920,1
1377995700,1
1377995880,1
1377997920,1
1377998100,2
1377998160,2
1377998400,1
1377998640,2
1377999540,1
1377999660,1
1378000260,1
1378001880,1
1378002480,1
1378002600,1
1378005000,3
1378005120,1
1378005420,1
1378005720,3
1378021920,1
1378025760,4
1378031340,1
1378041780,1
1378042320,1
1378044120,1
1378044240,1
1378044480,2
1378048200,1
1378050000,1
1378050480,2
1378051320,1
1378051440,1
1378051980,1
1378052460,2
1378052940,1
1378053360,1
1378055400,1
1378056480,1
1378056780,1
1378057980,1
1378058280,2
1378059540,1
1378061760,1
1378062120,1
1378062360,1
1378063020,1
1378063200,3
1378066380,1
1378067280,1
1378067940,2
1378069260,3
1378069560,1
1378070880,5
1378071000,2
1378071180,2
1378072260,2
1378072380,1
1378072620,1
1378072980,1
1378073040,1
1378074420,1
1378076040,2
1378076520,1
1378077840,2
1378083780,5
1378084260,1
1378085280,1
1378085400,1
1378088400,1
1378088520,1
1378092840,1
1378098600,2
1378102440,1
1378107600,1
1378107780,1
1378108500,1
1378115220,1
1378115340,1
1378128180,2
1378128240,1
1378131240,1
1378132440,1
1378132500,2
1378133280,1
1378133340,2
1378137120,1
1378139940,2
1378140120,2
1378140240,1
1378141380,1
1378142160,1
1378142340,2
1378142460,1
1378142700,2
1378143000,1
1378144560,1
1378145340,1
1378145520,1
1378148700,1
1378148940,1
1378149120,1
1378151940,1
1378154040,2
1378154640,2
1378155120,1
1378155360,1
1378156020,1
1378157040,2
1378157760,1
1378157880,1
1378158000,1
1378158060,1
1378158120,1
1378158300,1
1378158480,1
1378159560,1
1378160220,1
1378160760,1
1378161240,1
1378161540,2
1378161660,1
1378162440,2
1378162500,1
1378164120,2
1378164300,1
1378164960,1
1378166040,1
1378167960,4
1378168140,2
1378169220,2
1378169580,1
1378172100,1
1378174020,1
1378187340,1
1378204860,1
1378205400,1
1378208040,1
1378208880,1
1378209300,2
1378209780,1
1378210200,1
1378210320,1
1378210500,1
1378211460,2
1378211700,1
1378212780,1
1378212960,3
1378213140,1
1378213200,1
1378213560,3
1378213680,1
1378214160,1
1378214220,1
1378214700,2
1378214880,1
1378215240,1
1378215480,1
1378215720,3
1378216320,1
1378216620,1
1378216860,1
1378217160,1
1378217220,1
1378217340,1
1378218480,1
1378219440,1
1378219860,1
1378221300,1
1378221900,2
1378222740,1
1378223040,1
1378223460,1
1378225020,1
1378225080,1
1378226280,1
1378226340,1
1378227060,2
1378228800,1
1378228980,1
1378231020,1
1378231140,1
1378232400,1
1378233060,1
1378234140,1
1378234560,1
1378235520,1
1378235940,1
1378238580,1
1378238700,1
1378239360,1
1378241280,1
1378241760,2
1378242360,1
1378242780,1
1378244400,1
1378246860,1
1378248960,1
1378249800,1
1378249860,2
1378254300,1
1378254540,2
1378258200,1
1378275180,1
1378278060,1
1378293540,1
1378293600,1
1378294560,1
1378295100,1
1378295580,1
1378295760,1
1378295880,1
1378296060,2
1378296600,1
1378297560,1
1378299180,2
1378299300,2
1378299600,1
1378299720,1
1378300020,1
1378300140,3
1378300860,1
1378301040,1
1378301460,1
1378301580,1
1378301880,1
1378302720,1
1378303380,1
1378303440,1
1378303860,1
1378303980,1
1378304340,1
1378304760,2
1378304940,1
1378305900,1
1378306440,1
1378306740,1
1378307100,1
1378307400,1
1378308720,1
1378309140,1
1378309560,1
1378309920,1
1378310160,1
1378311000,1
1378311780,1
1378312140,1
1378312320,1
1378312860,2
1378313040,2
1378313160,2
1378314720,2
1378314840,1
1378315980,2
1378316340,1
1378317300,1
1378317900,1
1378318140,1
1378318440,1
1378318680,1
1378318800,1
1378319760,1
1378321020,3
1378321260,1
1378321740,1
1378321920,2
1378321980,1
1378322400,1
1378322460,1
1378322520,1
1378323660,1
1378324020,1
1378324560,1
1378325280,2
1378325760,1
1378326540,2
1378326660,1
1378326900,1
1378328880,1
1378329960,1
1378333020,2
1378336800,1
1378338000,1
1378339260,1
1378343160,1
1378343760,1
1378353720,1
1378353900,1
1378380660,1
1378380900,1
1378381260,2
1378381440,1
1378382040,1
1378382640,1
1378383060,1
1378383420,1
1378383960,2
1378384140,1
1378384260,1
1378384500,1
1378385340,2
1378386180,1
1378386300,2
1378386360,3
1378386780,1
1378386960,1
1378387380,2
1378387680,1
1378387980,2
1378388220,1
1378388700,2
1378388760,1
1378389600,1
1378390620,1
1378390860,1
1378392300,1
1378394340,1
1378394520,1
1378396140,1
1378396320,1
1378396920,1
1378398180,2
1378398300,1
1378399020,1
1378400520,2
1378400700,2
1378402200,1
1378402560,1
1378404120,2
1378405140,1
1378405320,1
1378405560,1
1378405740,2
1378406580,1
1378407780,1
1378408320,1
1378408440,1
1378409160,1
1378409640,1
1378409940,1
1378410060,1
1378411680,1
1378411740,1
1378411920,1
1378412160,2
1378412580,1
1378414860,1
1378415400,2
1378416120,1
1378416660,1
1378416720,1
1378416840,1
1378417140,2
1378417260,2
1378417620,1
1378417680,1
1378417800,2
1378417920,1
1378418160,2
1378418280,1
1378418520,1
1378418760,1
1378418880,2
1378419060,3
1378419360,3
1378419480,2
1378419600,1
1378419660,2
1378419720,1
1378421580,1
1378423740,1
1378426980,1
1378427040,1
1378429080,1
1378429440,1
1378471380,1
1378472220,1
1378472580,1
1378473060,1
1378473420,1
1378473900,1
1378473960,1
1378474140,2
1378474320,1
1378474560,1
1378474740,3
1378474860,1
1378475220,1
1378475460,1
1378475520,1
1378475580,1
1378476360,1
1378477020,1
1378477680,1
1378478160,1
1378479240,1
1378479660,1
1378479900,2
1378480680,2
1378481340,1
1378481640,1
1378481760,2
1378481880,1
1378482060,1
1378482600,3
1378483320,1
1378483380,1
1378483800,1
1378483860,1
1378485000,1
1378485720,2
1378485900,1
1378487160,2
1378487460,1
1378487760,1
1378488480,2
1378488720,1
1378489140,1
1378489260,2
1378489560,2
1378489920,1
1378491300,1
1378492140,1
1378492860,1
1378495080,1
1378495680,1
1378496040,1
1378498080,1
1378498200,1
1378498560,1
1378498740,1
1378499220,2
1378499460,1
1378499640,1
1378500720,1
1378500780,1
1378500960,1
1378501920,1
1378502400,2
1378502700,1
1378502820,2
1378502940,1
1378503060,1
1378503180,1
1378503240,1
1378503360,1
1378503420,3
1378503540,2
1378503660,5
1378503840,6
1378504080,1
1378505160,1
1378505700,1
1378506240,1
1378510020,1
1378511760,2
1378512780,1
1378513080,1
1378513260,1
1378513440,1
1378513620,1
1378514280,1
1378514340,1
1378514640,1
1378514700,1
1378515120,1
1378515660,1
1378515720,1
1378516020,2
1378516140,1
1378516380,2
1378517100,2
1378517760,1
1378519200,1
1378519260,1
1378519560,1
1378524180,2
1378524540,1
1378524900,1
1378525800,1
1378527900,1
1378536240,1
1378541520,1
1378548720,1
1378553760,1
1378553880,1
1378560480,2
1378563660,1
1378563780,1
1378564080,1
1378565460,1
1378567140,1
1378567380,1
1378569240,2
1378569300,1
1378569960,1
1378571580,1
1378571880,1
1378572000,1
1378572720,1
1378573920,1
1378574760,1
1378575120,1
1378575540,1
1378575720,1
1378576380,1
1378576860,1
1378578660,1
1378579320,1
1378579860,1
1378580160,1
1378580460,1
1378580700,1
1378582380,1
1378583340,3
1378583520,2
1378584540,1
1378584900,1
1378585920,1
1378586280,1
1378586520,1
1378588320,1
1378589520,2
1378594500,1
1378597620,2
1378597980,1
1378600440,1
1378600560,1
1378600860,1
1378601580,1
1378601760,1
1378603140,2
1378605120,1
1378605180,2
1378605300,1
1378605360,1
1378606680,1
1378607100,1
1378607400,1
1378607460,3
1378609620,1
1378610340,2
1378611120,2
1378611300,1
1378611420,1
1378616160,1
1378616220,1
1378619580,1
1378619820,1
1378620900,1
1378644600,1
1378650720,1
1378651860,1
1378652460,2
1378652760,1
1378653780,1
1378658880,1
1378659840,1
1378662780,2
1378663560,3
1378663740,2
1378665060,1
1378665300,2
1378665780,1
1378667100,1
1378667400,1
1378667520,1
1378668240,1
1378668420,3
1378668540,2
1378668660,5
1378668780,3
1378669380,1
1378669560,1
1378669920,1
1378669980,3
1378670880,1
1378672860,1
1378673640,2
1378674120,1
1378676520,1
1378676940,1
1378679520,2
1378680120,1
1378680540,2
1378681140,1
1378683060,3
1378684020,1
1378687260,1
1378687620,2
1378687740,1
1378687920,2
1378688580,1
1378689240,1
1378690020,1
1378690080,1
1378690320,1
1378690500,1
1378691340,1
1378691820,1
1378695660,1
1378698660,1
1378700100,1
1378701060,1
1378724640,1
1378726620,1
1378727100,1
1378727280,1
1378728180,1
1378728540,2
1378729860,1
1378730220,1
1378730520,1
1378730700,1
1378730760,1
1378732500,1
1378767300,1
1378772760,1
1378772940,1
1378774860,1
1378775100,1
1378775940,1
1378776120,1
1378807320,1
1378810800,1
1378811040,1
1378813260,1
1378813440,1
1378814040,1
1378814160,1
1378814460,1
1378814820,1
1378815240,3
1378816140,1
1378816500,1
1378816740,1
1378817100,1
1378817220,2
1378817400,2
1378817580,1
1378817940,1
1378818060,3
1378818120,3
1378818300,1
1378818720,2
1378818960,2
1378819260,1
1378819680,2
1378819740,1
1378819860,1
1378819980,1
1378820040,1
1378820280,1
1378820460,1
1378820640,1
1378820760,1
1378820880,1
1378821360,1
1378821660,1
1378821720,1
1378822020,1
1378822200,1
1378822620,1
1378823400,1
1378826040,1
1378826400,1
1378827000,1
1378827240,1
1378827600,1
1378828320,1
1378831200,1
1378831320,1
1378831740,1
1378831980,1
1378832040,1
1378832700,3
1378833300,1
1378834500,1
1378835400,1
1378836000,1
1378836180,1
1378836240,1
1378836960,2
1378837140,1
1378837980,1
1378843620,1
1378843980,1
1378844520,1
1378845000,1
1378845960,1
1378846140,1
1378846620,2
1378846740,1
1378846800,1
1378847100,1
1378847220,1
1378847400,2
1378847760,1
1378847820,2
1378848060,1
1378848240,1
1378848540,1
1378848840,1
1378848900,2
1378849320,1
1378849380,1
1378849440,1
1378849500,1
1378849800,4
1378850100,1
1378850520,2
1378850640,3
1378850700,3
1378850880,1
1378850940,2
1378851060,1
1378851180,1
1378851420,1
1378851780,1
1378852440,1
1378852980,1
1378854360,1
1378857660,1
1378859820,1
1378861500,1
1378862400,1
1378863180,1
1378863300,1
1378895640,1
1378895820,1
1378900080,1
1378901160,1
1378901760,1
1378902180,1
1378902420,2
1378902780,1
1378903320,1
1378903440,1
1378903920,1
1378904040,4
1378904640,2
1378904700,1
1378905540,1
1378906020,1
1378906080,1
1378906440,1
1378906560,1
1378906620,2
1378906740,1
1378906980,1
1378907160,1
1378908540,1
1378909560,1
1378909740,1
1378910520,1
1378910820,1
1378911240,2
1378911480,2
1378912440,1
1378913580,1
1378914180,2
1378915740,1
1378917420,1
1378917660,1
1378918140,1
1378918200,1
1378918800,1
1378918980,1
1378919280,2
1378919580,1
1378920600,2
1378921320,1
1378922100,1
1378922280,1
1378922460,1
1378922520,1
1378923900,1
1378924500,1
1378924800,1
1378925220,1
1378927560,1
1378928160,1
1378928340,2
1378930800,1
1378931820,1
1378932000,1
1378932420,1
1378933020,1
1378934160,1
1378934280,1
1378935240,2
1378935480,1
1378936260,1
1378936560,2
1378936800,1
1378937640,1
1378937760,1
1378939680,1
1378940640,1
1378941180,1
1378942560,1
1378943700,1
1378943820,1
1378944480,1
1378947840,1
1378948140,1
1378953900,1
1378954080,1
1378956540,1
1378960380,1
1378963980,1
1378964820,4
1378980960,1
1378982460,1
1378982760,1
1378982880,1
1378984080,1
1378986900,1
1378987380,1
1378987440,1
1378988700,2
1378989360,1
1378989720,3
1378989900,1
1378990500,2
1378991280,1
1378992120,2
1378992180,2
1378992420,1
1378992480,2
1378992540,1
1378993080,1
1378993140,1
1378993200,1
1378993380,1
1378993440,1
1378994460,1
1378995240,1
1378995720,1
1378996860,1
1378997220,1
1378997580,1
1378999380,1
1379000280,1
1379001540,1
1379001660,1
1379001840,1
1379002800,1
1379003040,1
1379003520,2
1379003760,1
1379007360,1
1379008380,1
1379008500,1
1379008680,2
1379008860,1
1379013480,1
1379013540,1
1379013840,1
1379014020,1
1379014620,1
1379014740,1
1379014920,1
1379015160,1
1379015640,1
1379015760,1
1379016180,1
1379016900,1
1379017140,1
1379017320,1
1379017980,1
1379018160,1
1379018280,2
1379018340,1
1379019180,1
1379020200,2
1379020380,3
1379020980,1
1379021040,1
1379021580,1
1379021760,1
1379022300,1
1379022360,1
1379022960,1
1379024700,1
1379025060,1
1379026140,1
1379027160,1
1379027220,1
1379028300,1
1379028540,1
1379033460,1
1379035560,1
1379040360,1
1379043660,1
1379043780,2
1379045040,1
1379069700,1
1379072040,1
1379073240,1
1379073720,1
1379073840,1
1379074980,1
1379075340,1
1379075700,2
1379076000,1
1379076660,2
1379076720,1
1379077020,2
1379077200,1
1379077260,1
1379077680,1
1379078160,1
1379078460,2
1379079000,1
1379079060,1
1379079180,4
1379079600,2
1379079960,1
1379080740,1
1379083380,1
1379083500,1
1379083860,1
1379084040,1
1379085360,1
1379085480,1
1379085960,2
1379086140,1
1379088120,1
1379088240,1
1379088660,1
1379088900,1
1379088960,1
1379089200,1
1379089380,1
1379090700,1
1379091060,1
1379091420,1
1379091960,3
1379092140,1
1379092680,1
1379092860,1
1379093400,1
1379095140,1
1379095980,1
1379097900,2
1379098020,1
1379098440,1
1379099760,1
1379100060,1
1379100420,1
1379100600,1
1379101500,1
1379101680,2
1379103000,1
1379104500,2
1379105100,1
1379105880,1
1379106300,2
1379106420,1
1379107500,1
1379110500,1
1379111940,1
1379117580,1
1379118300,1
1379118540,1
1379118660,1
1379120160,1
1379120280,1
1379123100,1
1379123280,1
1379124360,1
1379124840,1
1379127120,1
1379129280,1
1379129700,1
1379131860,1
1379132280,1
1379146200,1
1379147820,1
1379157540,1
1379157720,1
1379164560,1
1379164920,1
1379165100,1
1379166900,2
1379168160,1
1379168640,2
1379170200,1
1379170380,1
1379170440,1
1379170680,1
1379170980,1
1379172120,2
1379172480,1
1379172840,1
1379173980,1
1379174040,2
1379174340,1
1379174400,1
1379175420,3
1379175600,1
1379175660,1
1379176260,1
1379178060,2
1379178180,1
1379179380,1
1379179440,1
1379179500,2
1379180760,1
1379183100,1
1379183400,1
1379186400,1
1379186700,1
1379187120,1
1379188080,5
1379188500,1
1379189160,1
1379189220,1
1379189520,1
1379190060,1
1379190600,2
1379191020,1
1379191320,1
1379191860,1
1379192580,2
1379193360,2
1379193420,2
1379193660,1
1379194080,1
1379194200,1
1379198580,1
1379198760,1
1379199660,1
1379199900,1
1379200140,2
1379202240,3
1379203320,1
1379204520,1
1379204580,1
1379205600,1
1379206620,2
1379206800,1
1379210100,1
1379212680,1
1379212740,1
1379213400,1
1379213700,1
1379213820,1
1379217540,1
1379217660,1
1379226180,1
1379229720,1
1379233920,1
1379254260,1
1379254920,1
1379258220,2
1379258340,2
1379259000,1
1379259300,1
1379259420,1
1379260140,1
1379260320,1
1379260920,1
1379261100,1
1379261580,1
1379261820,1
1379261880,1
1379262720,1
1379263260,1
1379264580,1
1379264640,2
1379265900,1
1379266680,1
1379270040,1
1379270160,1
1379270580,3
1379272800,1
1379273460,1
1379273580,1
1379274060,2
1379274180,1
1379274240,1
1379274540,1
1379274960,1
1379275140,1
1379275440,1
1379276220,1
1379276640,2
1379277120,1
1379277540,1
1379280900,1
1379281380,1
1379281920,1
1379282700,1
1379285460,1
1379285520,1
1379285880,2
1379286420,1
1379287320,1
1379287740,1
1379290080,1
1379292360,1
1379293020,1
1379293560,1
1379293680,2
1379296320,3
1379298960,1
1379300580,1
1379302080,1
1379325300,1
1379330340,1
1379330760,1
1379332260,1
1379333040,1
1379333340,1
1379336820,1
1379337000,1
1379337120,1
1379337480,1
1379337660,1
1379340240,1
1379340480,2
1379340900,1
1379341440,1
1379341620,1
1379341860,1
1379343420,3
1379343600,3
1379343900,1
1379345400,1
1379345700,1
1379346420,1
1379346780,1
1379347500,1
1379347740,1
1379348040,1
1379348640,1
1379348820,1
1379349480,1
1379350020,1
1379350080,1
1379350380,1
1379350500,3
1379352240,1
1379353260,1
1379355240,2
1379358300,2
1379358840,1
1379359680,2
1379359860,1
1379361300,1
1379362740,1
1379363280,1
1379364000,1
1379364360,1
1379364840,1
1379365140,1
1379365380,1
1379365500,1
1379365560,1
1379365740,2
1379365800,1
1379366040,2
1379366640,1
1379367000,1
1379367360,1
1379367660,1
1379367840,1
1379369400,1
1379369760,1
1379370000,2
1379370960,1
1379375100,1
1379377920,1
1379378160,1
1379378400,1
1379378700,1
1379385060,1
1379389260,1
1379396220,1
1379412180,1
1379414700,1
1379415120,1
1379415360,1
1379415900,1
1379418720,1
1379418840,1
1379419500,1
1379420640,1
1379420820,1
1379421300,1
1379421420,1
1379421540,1
1379421780,2
1379421900,1
1379422020,1
1379422440,1
1379422740,1
1379423220,1
1379423400,1
1379423520,3
1379423640,2
1379423760,1
1379423940,2
1379424240,2
1379424600,1
1379424720,1
1379424900,1
1379425080,1
1379425140,1
1379425260,1
1379425560,2
1379425740,1
1379426340,1
1379427240,1
1379427540,1
1379427780,1
1379430180,2
1379431200,1
1379431260,1
1379431320,1
1379431440,1
1379431860,1
1379432400,1
1379432580,1
1379432820,1
1379433660,1
1379434020,1
1379434320,1
1379434560,1
1379434680,1
1379434920,2
1379435520,2
1379435640,1
1379436060,1
1379436960,1
1379437740,1
1379437860,1
1379438220,1
1379438400,1
1379438700,1
1379438880,1
1379439480,1
1379440680,1
1379440800,1
1379441580,1
1379441640,1
1379445120,1
1379445540,1
1379445600,1
1379445840,1
1379446320,1
1379447400,1
1379447640,1
1379447760,1
1379448000,1
1379448300,1
1379449140,2
1379449440,1
1379449740,1
1379450460,1
1379451960,1
1379452860,1
1379453040,1
1379453940,1
1379454300,1
1379454720,1
1379455620,1
1379455860,1
1379456220,1
1379459640,1
1379460060,2
1379460300,1
1379460720,1
1379462820,1
1379464440,1
1379464740,1
1379465160,2
1379465280,1
1379466720,1
1379468520,1
1379475360,1
1379498040,1
1379501460,1
1379501640,1
1379504280,1
1379504520,1
1379504700,1
1379504880,1
1379505540,2
1379506980,1
1379507220,1
1379507280,3
1379507520,1
1379507640,1
1379507940,1
1379508360,2
1379508480,1
1379508780,3
1379509440,3
1379509500,1
1379510640,2
1379510820,3
1379511120,1
1379511360,1
1379511480,2
1379511720,2
1379511900,2
1379511960,1
1379512680,1
1379512920,1
1379513520,1
1379513580,1
1379513760,1
1379514600,1
1379515200,1
1379515860,1
1379516040,1
1379516160,1
1379516400,2
1379516580,1
1379517600,1
1379519160,3
1379520780,1
1379521140,2
1379521800,1
1379522400,1
1379524320,1
1379524620,1
1379524860,1
1379525040,2
1379525520,1
1379525820,1
1379527140,1
1379528220,1
1379528280,1
1379529180,1
1379529780,1
1379530080,1
1379530200,2
1379530380,1
1379530560,1
1379531640,1
1379533380,1
1379533560,1
1379533680,1
1379534280,1
1379534820,1
1379534880,1
1379535360,1
1379536320,1
1379536560,1
1379536620,2
1379536860,1
1379537100,3
1379537280,1
1379537520,1
1379537640,1
1379538780,1
1379539200,1
1379539320,2
1379539440,1
1379539500,1
1379539560,4
1379539680,3
1379539860,1
1379540100,1
1379540280,1
1379540520,1
1379540760,1
1379540880,2
1379540940,1
1379541060,2
1379541240,1
1379541960,1
1379542440,2
1379542560,2
1379543760,1
1379544240,1
1379545440,1
1379545740,1
1379547900,1
1379548080,1
1379554920,1
1379555940,1
1379556240,1
1379556360,2
1379557080,1
1379565360,1
1379580900,1
1379583840,1
1379588220,1
1379588760,1
1379589300,1
1379590380,1
1379590860,1
1379590980,1
1379591520,1
1379592840,1
1379593260,1
1379593620,1
1379593920,2
1379594280,1
1379594340,1
1379594400,1
1379594880,1
1379595300,1
1379595420,2
1379596020,1
1379596140,1
1379596380,1
1379596740,2
1379597040,1
1379597220,1
1379597460,1
1379597640,1
1379597820,1
1379598480,1
1379599440,1
1379599740,1
1379600160,1
1379600400,1
1379601420,1
1379601480,1
1379601960,1
1379602440,1
1379602920,1
1379604540,1
1379604720,1
1379604960,1
1379606580,1
1379606640,1
1379606820,1
1379607420,1
1379608080,1
1379609160,1
1379610060,1
1379610780,2
1379611800,1
1379612520,1
1379615160,1
1379616120,1
1379616180,1
1379617620,1
1379617800,1
1379617980,3
1379618640,1
1379619000,1
1379619420,1
1379620800,2
1379620860,1
1379621100,1
1379622360,1
1379622600,1
1379622780,1
1379623080,2
1379623140,1
1379624340,1
1379624520,2
1379624640,1
1379624760,2
1379628540,1
1379628660,1
1379628780,1
1379630400,1
1379631840,1
1379634780,1
1379635200,1
1379636400,1
1379637540,1
1379637840,1
1379639100,1
1379639640,1
1379641020,1
1379643060,1
1379644440,1
1379644560,1
1379644680,1
1379654040,1
1379658480,1
1379675040,1
1379678280,1
1379678460,1
1379678520,2
1379678940,1
1379679300,1
1379679360,1
1379679480,1
1379680020,1
1379680620,2
1379680800,1
1379680860,1
1379681100,1
1379681280,1
1379681760,1
1379682480,1
1379682600,1
1379682960,1
1379683260,2
1379683620,1
1379683680,1
1379683980,2
1379684520,1
1379684700,1
1379684940,2
1379685120,1
1379685720,1
1379686680,1
1379686860,1
1379686920,1
1379687280,2
1379688600,1
1379689200,1
1379689860,1
1379690820,1
1379690940,1
1379691300,1
1379694840,1
1379695260,1
1379695920,1
1379696100,1
1379696400,1
1379697000,1
1379697540,1
1379698920,1
1379699520,1
1379699640,1
1379700780,1
1379700840,1
1379701620,1
1379701920,1
1379702220,1
1379702640,1
1379702760,1
1379703420,1
1379704620,1
1379705340,1
1379705520,1
1379705880,1
1379706300,1
1379706660,1
1379707140,1
1379707500,1
1379707800,4
1379708100,2
1379708460,1
1379708760,2
1379709180,2
1379709420,1
1379709660,1
1379710140,1
1379710260,1
1379710980,1
1379711100,5
1379711220,1
1379711400,4
1379711580,1
1379711700,1
1379711940,3
1379712000,3
1379712180,2
1379712240,2
1379712360,1
1379712420,1
1379712600,1
1379712780,1
1379713260,1
1379714340,1
1379714820,1
1379714880,1
1379716080,1
1379716620,1
1379717880,1
1379719080,1
1379719200,1
1379719440,2
1379719560,2
1379719740,1
1379719860,1
1379719980,1
1379720340,1
1379720640,1
1379720820,1
1379720880,1
1379720940,1
1379721180,4
1379721360,1
1379721840,2
1379721900,1
1379722680,1
1379722860,1
1379723220,1
1379724060,1
1379724900,1
1379725080,1
1379728620,1
1379732340,1
1379732460,2
1379732700,1
1379732760,1
1379735280,1
1379735640,1
1379748540,1
1379766300,1
1379766840,1
1379768880,1
1379768940,1
1379769240,1
1379769780,1
1379772360,1
1379773920,1
1379775060,1
1379775180,2
1379776200,1
1379776500,1
1379776680,3
1379777400,1
1379777640,1
1379779860,1
1379783160,1
1379783280,1
1379786520,1
1379788860,1
1379789760,1
1379790000,1
1379790120,1
1379791620,1
1379792100,1
1379792220,1
1379792520,1
1379793000,1
1379793120,3
1379794320,1
1379795760,1
1379796060,2
1379796900,1
1379797980,1
1379798100,1
1379799000,1
1379799240,1
1379799360,4
1379799720,1
1379800260,1
1379800740,1
1379801280,1
1379801580,1
1379801640,1
1379801880,1
1379802060,1
1379802180,1
1379802360,1
1379802900,1
1379803140,1
1379805420,1
1379805720,1
1379805780,1
1379806140,1
1379808540,1
1379808660,1
1379813460,2
1379814240,1
1379816700,1
1379823240,1
1379823300,1
1379823420,1
1379848620,1
1379848680,1
1379854260,1
1379854860,1
1379855520,1
1379855880,1
1379856420,1
1379856540,1
1379856840,1
1379858280,1
1379858400,1
1379858520,1
1379862180,2
1379862780,1
1379863440,1
1379863980,1
1379865900,1
1379866140,1
1379866920,1
1379866980,1
1379867100,1
1379868120,1
1379869500,1
1379869860,2
1379870220,1
1379871900,1
1379872260,1
1379874060,1
1379874120,2
1379874180,1
1379874540,1
1379876340,1
1379877720,1
1379882760,1
1379883480,1
1379884500,1
1379884620,1
1379885100,2
1379886360,1
1379889420,1
1379909580,1
1379918700,1
1379932920,1
1379933100,1
1379933820,1
1379934120,1
1379937240,1
1379937720,1
1379938620,1
1379938920,1
1379939340,1
1379939580,1
1379940060,2
1379940540,1
1379941020,1
1379941320,1
1379941500,1
1379942580,1
1379943600,1
1379943720,1
1379944260,1
1379944320,1
1379945160,1
1379946180,1
1379946360,1
1379946780,1
1379947320,2
1379948520,2
1379949120,1
1379949240,1
1379949720,2
1379949840,2
1379950020,2
1379950140,1
1379950200,1
1379950800,1
1379951220,2
1379951880,1
1379952540,1
1379952660,1
1379952780,1
1379953440,1
1379953500,1
1379954220,1
1379954880,1
1379956560,2
1379956980,1
1379957280,1
1379957880,1
1379958300,1
1379958660,1
1379959020,2
1379959380,1
1379960340,2
1379960580,2
1379961360,1
1379963100,2
1379963220,1
1379964060,1
1379964960,1
1379965080,1
1379965380,1
1379966460,1
1379966940,1
1379967240,1
1379967900,1
1379968080,1
1379969940,1
1379970180,1
1379970360,1
1379970420,1
1379971920,4
1379971980,1
1379972640,1
1379973180,1
1379974320,1
1379975580,1
1379979720,2
1379980020,2
1379980080,2
1379980140,1
1379980860,1
1379981100,1
1379981520,2
1379981640,3
1379981820,1
1379981880,1
1379982720,1
1379983140,1
1379985060,1
1379987520,1
1380016800,2
1380021600,1
1380024360,2
1380024840,1
1380025140,1
1380025560,1
1380025740,2
1380026280,2
1380026700,1
1380026880,1
1380027660,1
1380027900,3
1380028260,1
1380028380,1
1380028560,1
1380028680,2
1380028800,1
1380029820,1
1380030960,1
1380031320,1
1380032040,1
1380032100,1
1380032280,1
1380032460,1
1380033300,1
1380035040,1
1380035100,1
1380035220,1
1380036060,1
1380037080,1
1380038460,1
1380038820,1
1380039720,1
1380040620,1
1380040680,1
1380041940,2
1380042300,1
1380043140,1
1380043980,1
1380044520,1
1380044580,1
1380044940,1
1380045420,1
1380045900,1
1380046080,1
1380046260,1
1380046500,1
1380046680,1
1380047160,1
1380049560,1
1380050100,2
1380050160,1
1380050220,1
1380050340,1
1380052860,1
1380053760,1
1380054000,1
1380054120,1
1380056340,1
1380056760,1
1380056880,1
1380057120,1
1380057300,1
1380057540,2
1380057600,1
1380057780,4
1380057840,3
1380057900,1
1380058200,2
1380058440,2
1380058800,1
1380058860,6
1380058920,2
1380058980,1
1380059100,1
1380060240,1
1380060900,1
1380062400,1
1380062940,2
1380063060,1
1380063480,1
1380063720,1
1380065100,1
1380067440,1
1380068520,1
1380069240,1
1380069480,1
1380069660,1
1380070500,1
1380071160,1
1380072000,1
1380073200,1
1380073320,1
1380074580,1
1380074640,1
1380076260,1
1380079980,1
1380080640,1
1380106380,1
1380106920,1
1380107040,1
1380109260,1
1380110640,1
1380111120,1
1380111420,1
1380111840,1
1380112500,1
1380112680,1
1380112920,2
1380112980,1
1380113460,2
1380114000,1
1380114480,1
1380114840,1
1380114960,2
1380115080,1
1380115200,3
1380115320,1
1380115500,3
1380115740,1
1380116040,1
1380117180,1
1380118140,1
1380118320,1
1380118500,1
1380119220,2
1380119880,1
1380120060,1
1380120360,1
1380120960,1
1380121740,1
1380121860,1
1380122700,1
1380123540,1
1380124080,1
1380124860,1
1380125160,1
1380126000,2
1380126420,1
1380126780,2
1380126960,1
1380127380,1
1380127440,1
1380129120,1
1380129240,1
1380129540,1
1380129900,1
1380130620,1
1380130800,1
1380132300,1
1380133740,1
1380134220,1
1380134520,1
1380134760,1
1380135180,1
1380135720,1
1380135780,2
1380137400,1
1380137940,4
1380138060,2
1380138120,1
1380138720,1
1380138900,1
1380139080,2
1380139560,1
1380140760,1
1380142380,1
1380142440,1
1380142740,1
1380142800,1
1380143160,2
1380143220,1
1380143280,1
1380143400,1
1380143880,2
1380144060,1
1380144360,2
1380144420,1
1380144660,3
1380144780,1
1380144840,2
1380144900,1
1380144960,3
1380145200,3
1380145500,6
1380145620,1
1380145740,2
1380145920,3
1380146040,2
1380146160,1
1380146280,1
1380146400,1
1380146460,3
1380147300,1
1380147660,1
1380148140,2
1380150300,2
1380150600,1
1380151500,3
1380152280,1
1380156660,1
1380157740,1
1380159240,1
1380159600,1
1380160560,1
1380160920,1
1380161580,1
1380162120,1
1380162360,1
1380168600,1
1380192840,1
1380193020,1
1380194220,1
1380194460,1
1380195600,1
1380195840,1
1380195900,1
1380196620,1
1380196860,1
1380197460,1
1380198060,3
1380198300,1
1380198600,1
1380198780,1
1380199080,1
1380199500,1
1380199860,1
1380200040,1
1380200220,2
1380200400,1
1380200880,1
1380201360,2
1380201540,1
1380201600,2
1380201960,1
1380202020,1
1380202140,1
1380202560,1
1380203100,1
1380203400,1
1380203460,1
1380203580,1
1380204240,1
1380204480,1
1380204960,1
1380205860,1
1380205980,1
1380206820,1
1380208380,1
1380209100,1
1380210120,1
1380210900,1
1380211560,1
1380212580,1
1380212760,1
1380212880,1
1380213780,1
1380214140,1
1380214260,1
1380215220,1
1380215340,1
1380216060,1
1380217200,1
1380217560,1
1380217740,1
1380219120,1
1380219240,1
1380219540,1
1380220200,1
1380220260,1
1380221040,2
1380221100,1
1380221880,1
1380222540,1
1380222720,1
1380222840,1
1380223020,2
1380223560,1
1380223740,1
1380223860,2
1380224820,1
1380226980,1
1380227220,1
1380227520,1
1380228720,1
1380228900,4
1380229560,1
1380229680,2
1380229800,1
1380229920,2
1380229980,1
1380230280,1
1380230460,1
1380230700,1
1380230940,2
1380231000,1
1380231300,2
1380231360,1
1380231480,1
1380231780,2
1380231900,2
1380232020,3
1380232380,2
1380232440,1
1380232680,3
1380232920,1
1380233220,1
1380233820,1
1380234360,3
1380234540,1
1380235740,1
1380237660,1
1380238620,1
1380240180,1
1380240780,1
1380241320,1
1380242220,2
1380245760,1
1380282360,1
1380282960,1
1380283800,1
1380284100,1
1380284280,1
1380285180,2
1380285300,1
1380285840,1
1380286020,1
1380286680,2
1380286860,2
1380287460,1
1380287820,2
1380288420,1
1380288660,1
1380288720,1
1380288780,2
1380288960,1
1380289140,1
1380289260,1
1380289740,1
1380289980,1
1380291000,1
1380291060,2
1380291600,1
1380291960,1
1380292620,1
1380292740,1
1380292980,1
1380293580,1
1380294840,1
1380294900,1
1380297900,3
1380298380,1
1380299520,1
1380300300,1
1380301980,2
1380302100,1
1380302820,1
1380304680,1
1380305640,1
1380306060,1
1380306240,1
1380306420,1
1380306600,2
1380307020,1
1380307440,1
1380307860,1
1380307980,1
1380308700,2
1380309180,2
1380309300,1
1380309360,2
1380309480,3
1380310260,1
1380311520,1
1380312120,1
1380312540,1
1380313080,1
1380313980,1
1380314040,1
1380316080,1
1380316200,1
1380316920,2
1380317040,1
1380317160,1
1380317940,2
1380318060,1
1380318600,4
1380318960,1
1380319260,4
1380319440,2
1380319860,3
1380319920,3
1380319980,3
1380320100,2
1380320340,1
1380320640,1
1380320760,1
1380320940,3
1380321060,1
1380321300,1
1380321660,1
1380321720,1
1380321960,1
1380322620,1
1380322920,1
1380323040,2
1380334320,2
1380334500,3
1380334680,1
1380336360,1
1380336780,1
1380337260,2
1380337560,1
1380337620,1
1380338220,2
1380338880,1
1380339300,1
1380339600,1
1380341880,1
1380343440,2
1380343560,2
1380346080,1
1380350520,2
1380353340,1
1380365880,1
1380368820,1
1380368880,1
1380371220,1
1380372780,1
1380372960,1
1380375240,1
1380376440,1
1380377700,1
1380377880,1
1380379320,1
1380379620,2
1380379740,1
1380380940,1
1380383520,1
1380383820,1
1380384120,2
1380384780,1
1380385260,1
1380385380,2
1380386460,1
1380387780,1
1380388260,2
1380388380,2
1380388440,1
1380388920,2
1380389040,1
1380389280,1
1380390840,1
1380391740,1
1380392460,1
1380392580,1
1380393240,2
1380393420,3
1380393840,1
1380394140,1
1380394200,2
1380395220,3
1380395460,2
1380396060,1
1380396180,2
1380397080,2
1380397980,2
1380398040,1
1380398160,1
1380399900,1
1380400500,1
1380400920,3
1380401520,2
1380402240,1
1380402660,1
1380402720,1
1380402780,1
1380402960,1
1380403620,2
1380404640,1
1380405540,1
1380406140,1
1380406620,1
1380407880,1
1380408180,1
1380408240,1
1380408480,1
1380408900,1
1380411180,1
1380411360,1
1380412380,1
1380412800,1
1380413100,1
1380420180,1
1380421680,1
1380422220,1
1380424560,1
1380430140,1
1380431820,1
1380432960,1
1380436020,1
1380437460,1
1380446160,1
1380447420,1
1380454620,1
1380460740,1
1380460920,2
1380461700,1
1380463800,1
1380464040,2
1380465300,2
1380465420,2
1380465600,1
1380465660,1
1380465840,1
1380465960,1
1380466860,2
1380468660,1
1380468720,2
1380470100,3
1380472800,1
1380473040,1
1380473280,2
1380474000,1
1380474360,1
1380474780,2
1380475200,1
1380476100,1
1380476340,1
1380479040,1
1380479160,1
1380479280,1
1380479760,1
1380481200,1
1380481980,1
1380483300,1
1380484080,1
1380484320,2
1380484740,1
1380484920,1
1380485040,1
1380485580,1
1380486300,1
1380488760,1
1380490740,1
1380491640,1
1380491760,2
1380492720,1
1380492900,1
1380494160,1
1380494280,2
1380494460,1
1380497160,2
1380502500,1
1380506760,1
1380507480,1
1380514500,1
1380536460,1
1380536880,1
1380537060,1
1380540240,1
1380541380,1
1380542940,1
1380543720,1
1380543900,1
1380544080,1
1380544260,2
1380544440,1
1380544500,1
1380544980,1
1380545340,1
1380546240,2
1380546660,1
1380546720,3
1380546900,2
1380547140,3
1380548160,2
1380548880,1
1380549540,1
1380549840,1
1380550920,1
1380551100,1
1380552000,1
1380553200,1
1380553860,2
1380555300,1
1380556860,1
1380557040,1
1380557280,1
1380557400,1
1380557580,1
1380557820,2
1380559560,1
1380560580,1
1380560760,1
1380560820,1
1380561120,1
1380561480,1
1380564060,1
1380564120,4
1380564180,1
1380564480,2
1380564960,1
1380565260,1
1380565500,1
1380565920,2
1380566040,1
1380566580,1
1380566820,1
1380567060,2
1380567240,2
1380567780,1
1380568080,1
1380568440,1
1380569160,1
1380569520,1
1380570300,1
1380570540,1
1380570600,1
1380570780,1
1380571440,1
1380571620,1
1380571740,3
1380571920,5
1380572040,1
1380572400,1
1380573840,1
1380574740,1
1380575220,1
1380575400,2
1380575700,2
1380575940,1
1380576240,1
1380576480,1
1380576660,2
1380577200,1
1380577380,1
1380578580,1
1380578700,3
1380578880,1
1380579480,2
1380579900,1
1380580020,1
1380580500,1
1380580980,1
1380581340,1
1380581700,1
1380581940,2
1380582120,1
1380582240,2
1380582540,2
1380582660,1
1380582780,2
1380583320,1
1380583440,1
1380583800,1
1380583980,2
1380584100,1
1380584400,5
1380584820,1
1380585360,1
1380585540,1
1380585840,1
1380586260,1
1380586920,2
1380587340,1
1380587760,1
1380588060,1
1380588120,2
1380588900,1
1380592500,1
1380593160,1
1380593760,1
1380593820,1
1380594720,1
1380596100,1
1380597540,1
1380597660,1
1380598140,2
1380600900,1
1380603480,1
1380604500,1
1380606060,1
1380606180,1
1380620880,1
1380621360,1
1380625380,1
1380625440,1
1380625800,1
1380625920,1
1380626520,2
1380626700,2
1380626760,1
1380626880,1
1380626940,1
1380627000,1
1380627180,2
1380627600,1
1380628800,1
1380629040,1
1380629340,4
1380629520,2
1380629820,1
1380630000,2
1380630840,1
1380631020,1
1380631320,1
1380631560,2
1380631620,1
1380631680,1
1380632700,1
1380633120,4
1380633480,1
1380633660,1
1380633780,1
1380633900,1
1380634260,3
1380634440,2
1380634500,1
1380634740,1
1380635220,1
1380635400,6
1380635640,2
1380635760,1
1380636240,1
1380636540,1
1380637200,1
1380637920,1
1380637980,1
1380638220,1
1380639720,1
1380642900,1
1380643560,1
1380644400,1
1380644580,1
1380644700,1
1380645000,2
1380645480,2
1380645660,1
1380646440,1
1380647340,1
1380647520,1
1380648000,1
1380648120,1
1380648840,1
1380649140,1
1380649740,1
1380650400,1
1380650580,1
1380650940,1
1380651720,1
1380652140,1
1380652260,1
1380652500,2
1380652800,1
1380653400,1
1380653640,1
1380653700,1
1380653940,1
1380654660,2
1380654840,1
1380655680,1
1380656280,1
1380656640,1
1380658380,1
1380658740,2
1380659040,1
1380659700,1
1380660180,1
1380660900,1
1380661740,2
1380662160,1
1380662520,1
1380662700,2
1380662880,2
1380663180,1
1380664020,1
1380664320,2
1380664440,1
1380664620,1
1380664680,1
1380664920,1
1380665100,2
1380665220,3
1380665280,1
1380665400,3
1380665580,5
1380665760,2
1380665940,1
1380666360,1
1380666600,1
1380667500,1
1380667560,1
1380668220,1
1380668400,1
1380668460,1
1380668700,1
1380668820,1
1380669060,1
1380669300,1
1380670080,1
1380671400,1
1380673380,1
1380673980,1
1380674460,1
1380675660,1
1380677700,1
1380679020,1
1380679380,1
1380679920,1
1380680400,1
1380682380,1
1380682920,1
1380685320,1
1380686580,1
1380688740,1
1380688920,1
1380694740,1
1380695640,2
1380703260,2
1380710160,1
1380713580,1
1380713880,1
1380714060,1
1380714240,1
1380714300,2
1380714420,1
1380714720,2
1380714840,2
1380715440,2
1380715620,2
1380716220,1
1380717120,2
1380717600,1
1380717720,1
1380718020,1
1380718080,1
1380718140,3
1380718560,1
1380718920,1
1380719220,1
1380719580,1
1380719880,1
1380719940,1
1380720300,1
1380720480,1
1380722340,2
1380722640,1
1380723300,1
1380723480,1
1380725520,1
1380726180,1
1380726780,2
1380726840,1
1380727080,1
1380727200,1
1380727440,1
1380727620,1
1380727860,1
1380728040,1
1380728640,1
1380729060,2
1380729360,2
1380729960,1
1380730020,1
1380730200,1
1380731460,1
1380731640,1
1380732420,1
1380732540,1
1380732660,1
1380732900,1
1380733020,1
1380734040,1
1380734220,1
1380735180,1
1380735300,3
1380735540,1
1380735600,1
1380736320,1
1380736440,1
1380737640,1
1380738960,1
1380739500,1
1380741180,1
1380741240,1
1380741480,1
1380741660,1
1380742620,1
1380742920,1
1380743040,2
1380743160,1
1380743580,1
1380743760,2
1380744600,1
1380744840,1
1380745680,1
1380746460,2
1380746640,1
1380747180,1
1380747960,1
1380748140,1
1380748740,1
1380748800,2
1380748980,1
1380749580,1
1380750060,1
1380750360,1
1380750480,1
1380750960,3
1380751080,2
1380751320,1
1380751380,2
1380751440,1
1380751500,1
1380751620,1
1380751800,2
1380751980,1
1380752160,1
1380752520,3
1380752640,1
1380752820,2
1380755640,1
1380756420,1
1380756900,1
1380766860,1
1380769680,1
1380811620,1
1380811680,1
1380812820,1
1380812880,2
1380813840,1
1380814020,1
1380815520,1
1380815700,1
1380815940,1
1380816420,1
1380816960,2
1380818760,1
1380819300,1
1380819600,3
1380820080,1
1380820620,1
1380821520,1
1380821640,1
1380821820,1
1380821880,1
1380822000,1
1380822360,1
1380823140,1
1380823560,1
1380823620,2
1380823680,1
1380823980,1
1380824220,1
1380824400,1
1380824520,1
1380824700,2
1380825600,1
1380825840,1
1380826260,1
1380826920,1
1380827040,1
1380827100,1
1380827160,1
1380828300,1
1380828660,1
1380830220,1
1380830280,1
1380830520,1
1380830760,3
1380830940,1
1380831060,1
1380832320,1
1380832440,1
1380832560,1
1380832680,1
1380832740,1
1380833160,1
1380833400,1
1380833640,1
1380834240,1
1380834840,1
1380835260,1
1380835560,2
1380835740,1
1380836520,1
1380836820,1
1380837360,1
1380838020,1
1380838260,1
1380840180,1
1380841380,1
1380847800,1
1380850260,1
1380850500,1
1380851520,1
1380852000,1
1380853380,1
1380865320,1
1380883500,1
1380884040,1
1380887160,1
1380887220,1
1380887400,1
1380888000,1
1380888720,2
1380888960,1
1380889440,1
1380890520,1
1380891000,2
1380891120,2
1380891360,1
1380891780,1
1380892140,1
1380892800,1
1380892980,1
1380893160,2
1380893580,1
1380893640,1
1380894240,1
1380894420,1
1380894780,1
1380895680,1
1380895860,1
1380895920,1
1380895980,1
1380896280,1
1380896940,1
1380897360,1
1380898800,1
1380899400,1
1380899520,1
1380899580,1
1380900720,1
1380901620,1
1380902580,1
1380902760,1
1380904560,1
1380904620,1
1380904860,1
1380904920,1
1380905040,1
1380905340,1
1380905640,1
1380905700,1
1380906900,1
1380907140,1
1380907260,3
1380907560,1
1380908220,1
1380908940,1
1380909240,1
1380909300,1
1380909660,1
1380909840,1
1380911040,1
1380911460,1
1380911640,1
1380912660,2
1380912840,1
1380914760,1
1380915180,1
1380915300,1
1380915420,1
1380916080,1
1380916440,1
1380916680,1
1380917520,2
1380919320,1
1380920100,1
1380920220,1
1380920520,2
1380921000,2
1380921180,3
1380921360,2
1380921480,1
1380921660,2
1380921840,1
1380922140,2
1380922200,1
1380922380,4
1380922500,1
1380922920,3
1380923040,3
1380923220,1
1380923280,5
1380923340,1
1380923700,2
1380924000,2
1380924060,1
1380924240,3
1380924300,1
1380924720,1
1380926580,1
1380928260,1
1380928560,1
1380930360,1
1380930480,1
1380930660,1
1380931020,1
1380931440,1
1380933840,1
1380936420,2
1380936540,1
1380937020,1
1380939360,1
1380940080,1
1380941100,1
1380941280,1
1380941820,1
1380942000,1
1380942180,1
1380943500,1
1380946080,1
1380946140,2
1380946560,1
1380947520,1
1380949320,3
1380949440,1
1380950160,1
1380951000,1
1380953640,1
1380957780,1
1380959880,1
1380971400,1
1380972600,1
1380974760,1
1380975060,1
1380975240,1
1380980100,1
1380982980,1
1380983520,1
1380984060,2
1380984180,2
1380984300,1
1380985680,1
1380985800,1
1380986100,2
1380986280,1
1380988380,1
1380991140,1
1380991680,1
1380991800,1
1380993000,1
1380994380,3
1380994500,1
1380994740,1
1380994800,2
1380994860,1
1380995340,2
1380995820,1
1380997620,2
1380999900,1
1381000560,1
1381000680,1
1381002000,1
1381002240,1
1381003140,1
1381004280,1
1381005060,2
1381005360,1
1381006440,1
1381007280,1
1381007460,1
1381007880,1
1381007940,1
1381008300,1
1381008900,1
1381009320,1
1381009500,1
1381009980,2
1381010100,1
1381010220,1
1381010340,1
1381010700,1
1381010940,1
1381011420,1
1381011840,1
1381014360,1
1381014540,1
1381014600,1
1381014780,1
1381015140,1
1381015800,1
1381020000,1
1381020240,1
1381025640,1
1381029720,1
1381030800,1
1381031280,1
1381033320,2
1381037640,1
1381037940,1
1381038060,1
1381038240,1
1381040400,2
1381040520,2
1381041360,1
1381044180,1
1381044480,1
1381045440,1
1381045860,1
1381054320,1
1381056840,1
1381061340,1
1381065780,1
1381075560,2
1381076700,1
1381077420,1
1381081380,1
1381082880,1
1381083540,1
1381086840,1
1381087380,1
1381088340,1
1381088640,1
1381089780,3
1381089900,1
1381090860,1
1381092240,1
1381092300,1
1381092840,1
1381093740,1
1381095240,1
1381095780,1
1381096200,1
1381096440,2
1381096560,1
1381097640,1
1381097760,1
1381098240,1
1381103520,1
1381103700,1
1381104360,1
1381106160,1
1381106520,1
1381107480,1
1381107840,1
1381110660,1
1381110960,1
1381111740,1
1381112700,1
1381115220,1
1381115340,1
1381118940,1
1381124580,1
1381126620,1
1381142580,1
1381142700,1
1381143060,1
1381143240,1
1381143300,1
1381143420,2
1381143600,1
1381143720,1
1381143960,1
1381144560,1
1381144860,1
1381145820,1
1381146300,1
1381147140,1
1381147260,1
1381148040,1
1381148400,1
1381149240,1
1381149420,1
1381149960,1
1381150020,2
1381150620,1
1381151100,3
1381151160,2
1381151280,1
1381152180,1
1381152840,1
1381152960,1
1381153080,3
1381153140,1
1381153200,1
1381153860,1
1381155660,1
1381158540,1
1381159140,1
1381166940,1
1381167240,1
1381167660,1
1381168620,1
1381168860,1
1381169100,1
1381169220,1
1381170180,1
1381170900,1
1381172160,1
1381174560,1
1381175040,1
1381177680,1
1381178640,1
1381178760,1
1381179540,2
1381180080,1
1381180440,1
1381180980,2
1381181400,1
1381182600,1
1381184700,1
1381187280,1
1381188240,1
1381191780,1
1381193460,1
1381198860,1
1381199400,2
1381202160,1
1381204140,1
1381227660,1
1381230120,1
1381230360,1
1381234020,2
1381234740,2
1381234860,1
1381234980,3
1381235220,1
1381236000,1
1381236660,1
1381236780,1
1381236840,1
1381237020,1
1381237320,1
1381237500,1
1381237740,1
1381238340,1
1381238700,1
1381239120,1
1381239780,1
1381240740,1
1381241280,1
1381241820,1
1381242480,1
1381242720,1
1381243320,1
1381243800,1
1381244340,1
1381245780,1
1381246020,1
1381246560,2
1381247400,1
1381248240,2
1381248720,1
1381249020,1
1381249440,1
1381249740,1
1381250760,1
1381251060,1
1381251120,2
1381251480,1
1381252260,1
1381252320,1
1381252500,1
1381252800,1
1381253220,1
1381253460,1
1381253760,1
1381254240,1
1381254720,1
1381254900,1
1381255500,1
1381255980,1
1381256280,1
1381256400,1
1381256460,1
1381258200,1
1381259940,1
1381260120,2
1381260480,1
1381261140,1
1381261620,1
1381261920,1
1381262040,1
1381262700,1
1381264140,1
1381264260,1
1381265100,2
1381265340,2
1381265640,2
1381265760,1
1381265820,1
1381266180,1
1381266300,1
1381267140,1
1381267800,2
1381267860,1
1381268340,1
1381268700,1
1381268760,1
1381268820,1
1381269000,2
1381269360,1
1381269480,2
1381269540,1
1381269720,1
1381269780,1
1381269900,2
1381270500,4
1381270680,3
1381271040,1
1381271280,1
1381271340,1
1381271580,3
1381271640,1
1381271700,4
1381271820,1
1381271940,1
1381272360,2
1381272480,1
1381272540,1
1381272600,1
1381272720,1
1381273560,1
1381273680,7
1381273980,1
1381274340,1
1381275840,1
1381277280,3
1381277520,1
1381277580,1
1381278120,1
1381278360,1
1381279020,2
1381280040,1
1381280160,1
1381281420,1
1381281660,1
1381283820,1
1381284360,1
1381284900,1
1381285380,1
1381287060,1
1381287720,1
1381300500,1
1381300620,1
1381309380,1
1381312320,1
1381313640,1
1381314060,1
1381314720,1
1381315800,1
1381320240,1
1381320660,1
1381321140,1
1381321560,1
1381321980,1
1381322460,1
1381323300,1
1381323480,2
1381323540,1
1381323600,1
1381323780,1
1381324020,1
1381324380,1
1381325040,1
1381325220,1
1381325340,1
1381325640,2
1381326480,1
1381327320,2
1381328400,2
1381328640,1
1381331040,1
1381331640,1
1381331880,2
1381332300,1
1381332780,1
1381333440,1
1381335900,2
1381336080,2
1381336140,1
1381336440,1
1381336500,1
1381336800,1
1381337460,1
1381337820,1
1381338000,1
1381338480,1
1381338840,1
1381339500,1
1381340100,1
1381340520,1
1381341180,1
1381341360,2
1381341420,1
1381341840,1
1381342200,1
1381342620,1
1381343640,1
1381345860,1
1381346220,1
1381346280,3
1381346400,1
1381347000,2
1381347180,1
1381347540,1
1381349280,3
1381349400,3
1381349700,1
1381350000,1
1381350720,1
1381350960,1
1381351080,1
1381351440,1
1381351980,1
1381352580,1
1381353060,1
1381353720,1
1381354020,1
1381354200,1
1381354440,1
1381356060,1
1381356120,1
1381356300,1
1381356360,1
1381357080,1
1381357860,1
1381359720,1
1381359900,1
1381361700,1
1381362120,1
1381362420,1
1381363020,2
1381364700,1
1381366560,1
1381374720,1
1381377240,1
1381377720,1
1381380900,1
1381400220,1
1381401900,1
1381403160,1
1381406040,1
1381407540,1
1381409040,1
1381409580,2
1381409940,1
1381410060,1
1381410300,1
1381410420,1
1381411320,1
1381412340,1
1381412520,1
1381413480,1
1381413540,2
1381413720,2
1381414080,1
1381415760,1
1381416480,3
1381418160,1
1381418940,1
1381419840,1
1381420500,1
1381420920,2
1381423560,1
1381423740,1
1381423980,1
1381424520,1
1381424880,3
1381425540,1
1381426080,2
1381426440,1
1381426800,2
1381426920,1
1381427100,1
1381427460,1
1381427880,1
1381427940,1
1381428120,1
1381428660,1
1381428900,1
1381429920,1
1381430100,1
1381430340,1
1381430400,1
1381430520,2
1381431240,2
1381433400,1
1381434000,1
1381434120,1
1381435380,1
1381435800,2
1381436100,1
1381436160,1
1381436280,1
1381436760,1
1381437120,1
1381437360,1
1381437600,1
1381438020,1
1381438680,3
1381439040,1
1381439160,1
1381439280,1
1381439820,1
1381439880,1
1381440780,1
1381440960,1
1381441260,1
1381441980,2
1381442520,1
1381443180,1
1381445760,1
1381446420,4
1381446900,1
1381447020,1
1381449480,1
1381451340,2
1381454520,1
1381458180,1
1381459500,1
1381460820,1
1381464840,1
1381485360,1
1381485720,1
1381486740,1
1381488240,1
1381491120,1
1381491660,1
1381491960,1
1381493220,1
1381494600,1
1381494780,1
1381495440,1
1381496100,2
1381496820,1
1381497540,1
1381498020,1
1381498260,1
1381498440,1
1381499100,1
1381499700,1
1381500000,1
1381500240,1
1381504380,1
1381504500,1
1381504860,1
1381505040,1
1381506300,1
1381508280,1
1381508580,2
1381508760,1
1381509300,1
1381509600,1
1381510260,1
1381511160,1
1381511700,1
1381512960,1
1381513020,1
1381513380,1
1381513860,1
1381514100,1
1381514820,1
1381515600,1
1381515840,1
1381516140,1
1381516740,1
1381517520,1
1381517700,1
1381517760,1
1381519380,1
1381519500,1
1381522260,2
1381522740,1
1381523160,1
1381523400,1
1381523820,1
1381524000,1
1381524540,1
1381525080,2
1381525200,2
1381525560,2
1381525860,2
1381526340,1
1381526940,2
1381527240,2
1381527420,1
1381527720,1
1381527900,1
1381528080,1
1381528620,1
1381528800,1
1381528860,1
1381529220,1
1381529520,1
1381529640,1
1381530720,1
1381530840,1
1381531020,1
1381531380,3
1381532640,2
1381532880,1
1381533000,2
1381533120,1
1381533180,3
1381533240,1
1381533540,1
1381533780,2
1381534140,1
1381540680,1
1381541520,1
1381541700,1
1381551420,1
1381558440,1
1381577940,1
1381590600,1
1381591740,1
1381592580,1
1381593060,1
1381593120,1
1381593360,1
1381594080,1
1381594740,1
1381595040,1
1381595220,1
1381595520,1
1381595880,2
1381595940,1
1381596180,1
1381596240,1
1381597020,2
1381597260,1
1381598460,1
1381598880,1
1381600320,1
1381600500,1
1381600680,1
1381600920,1
1381601100,2
1381601340,1
1381601400,1
1381601880,1
1381602000,1
1381602600,2
1381603080,1
1381604220,2
1381604880,1
1381604940,1
1381605060,1
1381606140,1
1381607100,1
1381607280,1
1381608600,1
1381610460,1
1381610580,1
1381612500,2
1381613220,1
1381613520,2
1381614240,2
1381615200,1
1381615320,2
1381615740,1
1381615980,1
1381616040,1
1381616400,1
1381617120,2
1381617300,1
1381618500,3
1381619640,1
1381621200,1
1381622400,1
1381622880,1
1381626480,1
1381633260,1
1381633620,1
1381635360,1
1381637160,2
1381637580,1
1381640220,1
1381643580,1
1381644120,1
1381644240,1
1381645620,1
1381647780,1
1381647960,1
1381648020,1
1381661760,1
1381663440,1
1381664280,1
1381674120,1
1381675200,3
1381677060,1
1381677480,1
1381679160,1
1381680660,1
1381681020,1
1381685700,1
1381686360,1
1381687140,1
1381687380,1
1381687620,1
1381687680,1
1381688460,1
1381689300,1
1381692360,1
1381693140,2
1381693680,1
1381694220,1
1381697880,1
1381698180,1
1381698300,1
1381698360,1
1381698900,1
1381699560,1
1381699740,2
1381700280,1
1381700880,1
1381701360,1
1381704660,1
1381704720,2
1381707120,1
1381707480,1
1381707600,1
1381709220,1
1381710300,1
1381710420,1
1381713000,1
1381713240,2
1381713780,1
1381714080,2
1381715280,1
1381720140,2
1381720200,1
1381747320,1
1381747380,1
1381747740,2
1381749540,1
1381750860,1
1381751040,1
1381751700,1
1381752360,1
1381753080,1
1381753200,1
1381753260,1
1381753380,2
1381753980,1
1381754640,2
1381754760,2
1381755900,1
1381756020,2
1381756260,1
1381756440,1
1381756680,1
1381757100,1
1381757220,2
1381757340,1
1381758360,1
1381758540,1
1381759560,1
1381759620,1
1381760280,1
1381760520,1
1381761060,1
1381761240,2
1381763220,1
1381763340,1
1381763520,1
1381764300,1
1381765680,1
1381765860,1
1381766280,1
1381766520,1
1381767420,1
1381768740,2
1381768980,1
1381769460,1
1381769760,1
1381770240,2
1381770960,1
1381771860,1
1381772220,1
1381772400,1
1381772700,1
1381773060,1
1381774020,2
1381775160,1
1381775640,1
1381775700,1
1381776360,1
1381777620,1
1381777920,1
1381779240,1
1381779420,2
1381781460,1
1381783560,1
1381783920,1
1381784700,1
1381785180,1
1381785480,1
1381786020,1
1381788360,1
1381788720,1
1381788960,2
1381789080,1
1381792140,1
1381792440,1
1381793340,1
1381793880,1
1381793940,1
1381794180,1
1381795140,1
1381795740,1
1381796100,1
1381797120,1
1381797720,1
1381800540,1
1381802700,1
1381802940,1
1381803060,1
1381805100,1
1381833180,2
1381833540,1
1381833780,1
1381834200,1
1381835520,1
1381839120,1
1381839960,1
1381840200,1
1381840500,1
1381840980,1
1381841220,1
1381841340,1
1381841460,1
1381842120,1
1381842420,1
1381842480,1
1381842540,2
1381842600,1
1381842900,1
1381843140,2
1381843740,1
1381844400,2
1381844520,3
1381844580,1
1381844640,2
1381847400,1
1381847520,1
1381847820,1
1381849380,1
1381849620,2
1381850820,1
1381850940,2
1381851480,1
1381852620,1
1381853040,1
1381854060,1
1381855020,1
1381856520,1
1381857300,1
1381857600,1
1381857720,1
1381857780,1
1381858140,1
1381858260,2
1381858380,1
1381859400,1
1381859520,1
1381859640,1
1381860660,1
1381865700,1
1381865880,1
1381866540,1
1381866840,2
1381867140,2
1381867980,1
1381868280,4
1381868580,1
1381870140,1
1381870440,1
1381872120,1
1381872240,1
1381876980,1
1381877100,1
1381878240,1
1381881300,1
1381891860,1
1381892940,1
1381893540,1
1381901220,1
1381918560,1
1381918740,1
1381918800,1
1381923120,1
1381924260,1
1381924500,1
1381925520,1
1381925580,1
1381925820,1
1381926240,1
1381926300,1
1381926660,1
1381926840,1
1381927380,3
1381927560,3
1381927920,1
1381928640,1
1381928820,2
1381929300,1
1381930020,1
1381930800,1
1381930980,1
1381931820,1
1381932540,1
1381932720,1
1381932780,1
1381933020,1
1381934760,1
1381936800,1
1381937700,1
1381938120,1
1381938180,1
1381938780,1
1381938960,1
1381939080,1
1381939140,2
1381939320,1
1381939500,1
1381939620,1
1381940460,1
1381940820,1
1381940940,1
1381941540,2
1381943160,1
1381943640,1
1381943760,1
1381943820,1
1381944000,1
1381944120,1
1381944240,1
1381944360,1
1381945380,1
1381945800,1
1381945860,1
1381946400,1
1381948500,1
1381948740,2
1381951260,1
1381951320,1
1381952280,1
1381953240,1
1381953600,2
1381954020,1
1381956180,1
1381956540,1
1381956720,1
1381957260,1
1381957920,1
1381958700,1
1381958880,1
1381959480,1
1381959600,1
1381960140,1
1381960620,1
1381961340,1
1381961760,1
1381961880,1
1381962600,2
1381962840,2
1381963800,2
1381964280,1
1381964820,1
1381965180,1
1381965780,1
1381966260,2
1381971060,2
1381971180,2
1381971960,1
1381975500,1
1381979160,1
1381982580,1
1381988460,1
1382006700,1
1382007120,1
1382007240,1
1382008800,1
1382009040,2
1382010180,1
1382010480,1
1382012100,1
1382012220,1
1382012760,1
1382012880,1
1382013180,1
1382013300,2
1382013420,1
1382013660,1
1382013960,2
1382014380,4
1382014500,2
1382014560,1
1382014800,1
1382015100,2
1382015520,1
1382015700,1
1382015940,1
1382016000,2
1382016660,1
1382016780,1
1382017080,1
1382017740,1
1382017920,2
1382018280,1
1382019420,1
1382019660,1
1382020980,1
1382022960,1
1382023440,1
1382023500,1
1382023560,1
1382023800,1
1382024160,1
1382025180,1
1382025420,1
1382025660,1
1382025720,1
1382026200,1
1382026980,1
1382027280,1
1382027760,1
1382028000,1
1382028300,1
1382029320,1
1382030100,1
1382030280,1
1382030400,1
1382030580,1
1382030640,1
1382031120,1
1382031720,1
1382031780,1
1382032320,1
1382033280,1
1382033940,1
1382035140,1
1382035560,1
1382036940,1
1382037240,1
1382037660,1
1382038680,1
1382038920,1
1382039040,1
1382039940,1
1382040060,2
1382041200,1
1382041440,1
1382041620,1
1382042220,1
1382043240,1
1382043600,1
1382043780,1
1382044440,1
1382045700,1
1382046360,2
1382048580,1
1382049480,1
1382051400,1
1382055180,1
1382055660,1
1382058780,1
1382062380,1
1382062440,1
1382066520,2
1382091000,1
1382094720,1
1382095380,1
1382095620,1
1382095740,1
1382096580,1
1382097780,2
1382098020,1
1382099460,1
1382100420,2
1382100540,2
1382101020,1
1382101200,1
1382101440,1
1382101500,2
1382101680,1
1382102340,1
1382102640,2
1382103060,1
1382103540,1
1382104440,1
1382104560,1
1382105220,1
1382105640,1
1382106240,1
1382106900,1
1382107200,1
1382107500,2
1382107560,1
1382107860,1
1382108280,1
1382108880,1
1382109540,1
1382109660,1
1382110140,2
1382112120,1
1382112300,2
1382112720,1
1382114160,2
1382114760,2
1382114820,1
1382114940,1
1382116500,1
1382117220,1
1382117640,1
1382117880,1
1382118060,1
1382118180,3
1382118960,2
1382119200,1
1382119800,1
1382119980,1
1382120100,1
1382120220,1
1382120640,1
1382121120,1
1382122620,1
1382123220,1
1382123400,1
1382125200,2
1382125680,1
1382126700,1
1382127240,1
1382127780,1
1382128200,1
1382128680,1
1382129640,1
1382130600,1
1382131440,1
1382131740,1
1382132040,1
1382132160,1
1382133480,1
1382135820,1
1382136060,1
1382137800,1
1382140500,1
1382140620,2
1382140740,1
1382141580,2
1382145900,1
1382146020,1
1382146560,1
1382156280,1
1382158380,1
1382159340,1
1382167980,1
1382169780,1
1382178180,1
1382184360,1
1382190720,3
1382191200,1
1382192280,1
1382192640,1
1382192880,1
1382193300,1
1382193720,1
1382194320,1
1382194980,2
1382195580,1
1382196240,1
1382196600,1
1382197920,1
1382197980,1
1382198580,1
1382199180,1
1382200320,1
1382201340,1
1382201400,1
1382202000,2
1382203860,1
1382204340,2
1382204940,1
1382206020,1
1382206080,1
1382209200,1
1382210100,2
1382212980,2
1382214060,1
1382215380,1
1382215560,2
1382216100,2
1382216580,1
1382217120,1
1382217720,1
1382220660,2
1382222160,1
1382222340,2
1382223420,1
1382223480,1
1382230380,1
1382247180,3
1382249880,2
1382251680,1
1382267820,1
1382273220,1
1382280240,1
1382280660,1
1382282940,1
1382283480,1
1382284620,2
1382286120,1
1382286480,3
1382287680,2
1382289420,1
1382289960,1
1382291880,1
1382292120,1
1382292780,1
1382293920,1
1382295360,1
1382296440,1
1382301060,2
1382303880,1
1382304360,1
1382305740,1
1382309280,1
1382309520,2
1382310360,1
1382310900,1
1382312400,1
1382313480,1
1382314020,1
1382316600,2
1382321940,1
1382324280,1
1382324820,1
1382329140,1
1382330100,1
1382350560,1
1382350680,2
1382351880,1
1382352780,1
1382353380,1
1382356080,1
1382357160,1
1382358900,1
1382359680,1
1382360220,2
1382360340,1
1382360640,1
1382360940,1
1382361420,1
1382362020,1
1382362440,1
1382363520,2
1382364780,1
1382366580,1
1382367480,1
1382368260,1
1382368380,1
1382369760,1
1382370660,1
1382372040,1
1382377140,3
1382377440,1
1382378100,1
1382379540,2
1382379900,1
1382380080,1
1382380380,1
1382380500,1
1382381280,1
1382382120,1
1382383200,1
1382383440,3
1382384040,1
1382385480,1
1382386860,1
1382388660,1
1382389140,1
1382389260,1
1382390100,1
1382390460,2
1382390520,1
1382390700,1
1382391420,1
1382391540,1
1382391840,1
1382392140,1
1382392260,1
1382392440,2
1382392560,1
1382392800,3
1382392980,3
1382393580,1
1382393880,2
1382394000,1
1382394120,1
1382394240,1
1382394480,3
1382394540,1
1382394600,1
1382394720,1
1382394780,1
1382394840,1
1382394960,1
1382397240,1
1382403360,1
1382404380,1
1382409300,1
1382410500,1
1382437200,1
1382438640,2
1382438760,1
1382439360,1
1382523840,1
1382525160,1
1382527680,1
1382528940,1
1382529900,1
1382530620,1
1382530680,2
1382532060,1
1382532360,1
1382532480,2
1382532660,1
1382533380,1
1382534220,1
1382534580,1
1382534640,1
1382535300,2
1382536080,1
1382537400,1
1382538780,1
1382541720,1
1382541780,2
1382542620,1
1382542740,1
1382543280,1
1382544840,1
1382545020,1
1382546220,1
1382546520,1
1382547720,1
1382548560,1
1382549280,1
1382549880,1
1382550060,1
1382550120,1
1382550360,1
1382552400,2
1382553240,1
1382553660,2
1382554740,1
1382555400,1
1382556060,1
1382556660,1
1382557560,2
1382558040,1
1382558280,1
1382558700,1
1382560500,1
1382560620,1
1382560800,1
1382561640,1
1382562600,1
1382563860,1
1382566680,1
1382567280,1
1382568060,1
1382568360,1
1382568780,1
1382569680,1
1382570520,1
1382572140,1
1382572260,1
1382573460,1
1382573700,1
1382576700,1
1382578080,1
1382580720,1
1382586360,1
1382609700,1
1382611500,1
1382611620,1
1382613780,1
1382614020,1
1382614920,1
1382617020,1
1382617620,1
1382618160,1
1382618760,3
1382619300,3
1382619660,1
1382619720,2
1382620020,1
1382620260,1
1382620380,1
1382620500,1
1382620620,1
1382620920,1
1382621400,1
1382621520,2
1382621880,1
1382622120,1
1382622180,1
1382622420,1
1382623380,1
1382623440,1
1382624700,1
1382625000,1
1382626680,1
1382627340,2
1382629380,1
1382630460,2
1382631240,1
1382632620,1
1382634300,1
1382634600,1
1382635740,1
1382636100,1
1382636760,2
1382636880,1
1382637420,2
1382637960,1
1382638260,1
1382638320,1
1382638800,1
1382638920,1
1382639220,2
1382639700,1
1382640180,1
1382640900,1
1382641200,1
1382642580,2
1382643240,1
1382644440,1
1382645460,1
1382645880,1
1382646300,1
1382646840,1
1382647800,1
1382647920,1
1382648100,1
1382649180,1
1382649360,1
1382649660,1
1382649720,1
1382650020,1
1382650440,1
1382650560,1
1382651160,1
1382651220,1
1382652840,2
1382653560,1
1382653620,2
1382653980,1
1382654400,1
1382654580,1
1382655060,1
1382655360,2
1382656020,2
1382656140,3
1382657820,1
1382658000,4
1382658120,1
1382658180,1
1382658360,1
1382659140,1
1382660640,1
1382660880,1
1382660940,1
1382661660,1
1382661840,1
1382662140,3
1382663700,1
1382664540,1
1382667840,1
1382668800,1
1382678400,1
1382693220,1
1382693520,1
1382696700,1
1382697480,1
1382697720,1
1382701980,2
1382702340,2
1382703540,1
1382703960,1
1382704200,1
1382706480,2
1382706780,2
1382706900,1
1382707080,1
1382707260,2
1382707740,2
1382707920,1
1382708400,1
1382708460,1
1382708520,2
1382708700,2
1382708820,1
1382708940,1
1382709120,1
1382709900,1
1382710440,2
1382711040,1
1382711400,1
1382712540,1
1382713380,1
1382713980,1
1382715540,2
1382716380,1
1382716620,1
1382716740,1
1382717160,2
1382717760,1
1382718540,1
1382718720,1
1382718900,1
1382718960,1
1382719440,1
1382719560,1
1382719980,1
1382720280,1
1382721360,1
1382722080,1
1382722260,1
1382722860,1
1382723520,1
1382724060,1
1382724720,1
1382725080,1
1382725260,1
1382725980,2
1382727780,1
1382729400,1
1382729580,1
1382730780,1
1382731740,1
1382731860,1
1382733180,1
1382734320,1
1382735220,2
1382736180,1
1382736420,3
1382736600,2
1382736900,1
1382737140,1
1382737260,2
1382737440,2
1382737680,1
1382738160,1
1382738220,2
1382738340,1
1382738580,1
1382738640,1
1382738820,1
1382738940,2
1382739540,1
1382739660,1
1382739780,1
1382739900,1
1382740260,2
1382740560,1
1382740620,3
1382740800,1
1382741040,2
1382741280,2
1382741640,2
1382741760,1
1382741940,1
1382742180,1
1382742360,1
1382742900,1
1382743080,1
1382743860,1
1382744160,1
1382744760,1
1382744880,1
1382746920,1
1382748900,1
1382751840,1
1382756160,1
1382763960,1
1382782020,1
1382794440,2
1382795820,2
1382798700,1
1382799300,1
1382802360,1
1382802480,2
1382802600,3
1382804040,1
1382805540,1
1382805720,1
1382805840,2
1382806920,1
1382807100,1
1382809080,1
1382809980,1
1382811180,1
1382811360,1
1382812800,1
1382812920,1
1382815740,1
1382817720,1
1382818140,2
1382819400,1
1382820180,1
1382820480,1
1382822880,1
1382823960,2
1382825040,1
1382825400,1
1382828220,1
1382828460,1
1382830920,1
1382832780,1
1382834280,1
1382840280,1
1382841060,1
1382843160,1
1382844060,1
1382844240,1
1382847780,1
1382849820,1
1382854680,1
1382857020,1
1382857140,1
1382881140,1
1382882520,1
1382882640,1
1382885460,2
1382890020,1
1382890440,1
1382890800,1
1382892840,1
1382892960,1
1382893980,1
1382894400,1
1382894460,1
1382897460,1
1382898300,1
1382898600,1
1382900280,1
1382902440,2
1382903280,1
1382905200,1
1382905320,1
1382905440,1
1382905680,1
1382905920,1
1382907120,1
1382908860,1
1382909160,1
1382909640,1
1382913780,1
1382914680,1
1382915160,2
1382915220,1
1382917260,1
1382917740,2
1382918040,1
1382918460,1
1382918880,2
1382921220,1
1382923860,1
1382924160,1
1382927160,1
1382928180,1
1382929560,1
1382929740,1
1382932320,1
1382932440,1
1382952420,1
1382956140,1
1382960820,1
1382962140,1
1382962200,1
1382962440,1
1382963820,1
1382964180,1
1382964360,2
1382964720,1
1382965020,1
1382966340,1
1382966820,2
1382966940,1
1382967420,1
1382967480,1
1382967540,1
1382968320,2
1382970600,1
1382971800,1
1382972700,1
1382972760,1
1382973480,1
1382974140,1
1382974260,1
1382974740,1
1382974860,1
1382975280,1
1382975880,1
1382976060,1
1382976360,1
1382977260,1
1382977380,1
1382977620,1
1382979240,1
1382979900,2
1382980200,1
1382980680,1
1382980860,1
1382981100,1
1382983860,2
1382984340,1
1382984400,1
1382985900,2
1382986800,2
1382987940,1
1382989260,1
1382989860,1
1382990820,1
1382991120,1
1382991240,1
1382991780,1
1382993520,1
1382993760,1
1382995020,1
1382995260,1
1382996280,1
1382996700,1
1382997840,1
1382998380,1
1382999100,1
1382999280,1
1383000000,1
1383000180,1
1383002580,1
1383002820,1
1383003960,1
1383011520,1
1383016500,1
1383017700,1
1383040800,1
1383043680,1
1383043740,1
1383046860,1
1383047160,1
1383049200,2
1383049320,1
1383049800,1
1383049920,1
1383050160,1
1383050700,1
1383050820,1
1383050940,1
1383051720,1
1383051840,1
1383052080,1
1383052320,1
1383052380,1
1383052680,2
1383053040,1
1383053400,1
1383053580,3
1383053700,1
1383054000,1
1383055260,1
1383055380,1
1383057000,1
1383059160,1
1383060060,1
1383061440,1
1383063120,1
1383063720,1
1383063900,1
1383065280,1
1383065520,1
1383066300,1
1383066420,1
1383067080,1
1383067440,1
1383068040,1
1383068520,1
1383068820,1
1383069540,1
1383069600,1
1383069900,2
1383069960,1
1383070500,1
1383071160,1
1383071280,1
1383071520,1
1383072660,1
1383073200,2
1383073500,1
1383073860,1
1383074040,2
1383074400,1
1383074580,1
1383074700,1
1383074940,1
1383076020,1
1383076200,1
1383076320,1
1383076440,1
1383076920,1
1383078420,1
1383079080,1
1383079260,3
1383081240,1
1383082620,1
1383082920,1
1383091380,2
1383094800,1
1383094980,1
1383096960,1
1383125100,1
1383129480,1
1383129780,1
1383129960,1
1383130320,1
1383133500,1
1383133560,1
1383133860,1
1383134340,1
1383135420,1
1383135720,3
1383136380,2
1383136500,1
1383136620,1
1383137160,3
1383139260,1
1383139320,1
1383139500,1
1383139560,1
1383139740,4
1383140160,2
1383140280,1
1383140520,1
1383140760,1
1383140940,1
1383141720,1
1383142200,1
1383142620,1
1383142740,1
1383143220,1
1383143880,1
1383144240,1
1383146760,1
1383147060,1
1383147240,1
1383147360,1
1383147960,1
1383148020,1
1383148500,1
1383148620,1
1383148980,1
1383149880,1
1383151740,2
1383151800,2
1383151980,1
1383152460,1
1383152700,1
1383154860,1
1383154980,1
1383155040,1
1383155340,1
1383155520,1
1383155880,2
1383156000,1
1383156240,1
1383156360,1
1383156660,1
1383156780,2
1383157140,1
1383157500,1
1383160680,2
1383160980,1
1383161520,1
1383161580,1
1383161940,2
1383163320,1
1383163560,1
1383163860,1
1383164340,1
1383164820,1
1383165060,2
1383166140,1
1383166200,1
1383167220,5
1383167280,1
1383168480,2
1383168720,1
1383169080,1
1383169320,2
1383169680,1
1383170280,1
1383170820,1
1383172140,1
1383172440,1
1383172620,1
1383172740,2
1383173040,1
1383173520,1
1383173580,1
1383174180,1
1383174240,1
1383174840,2
1383175260,1
1383176100,1
1383176400,1
1383176640,1
1383177300,1
1383178080,1
1383178200,1
1383178440,1
1383179220,1
1383179340,1
1383179700,1
1383180240,1
1383186180,1
1383188880,2
1383190860,1
1383196980,1
1383216060,1
1383216120,2
1383216240,1
1383217920,1
1383219960,1
1383220500,1
1383221100,1
1383221820,2
1383222300,1
1383223140,1
1383223620,1
1383223800,1
1383223920,1
1383224100,1
1383224340,1
1383224940,2
1383225180,1
1383225600,1
1383225900,2
1383226620,1
1383226740,1
1383227040,1
1383227280,1
1383228000,1
1383228780,1
1383228960,1
1383229020,1
1383230460,1
1383230760,1
1383231060,1
1383231240,1
1383231420,1
1383232020,1
1383234180,1
1383235560,1
1383237120,1
1383237720,1
1383239100,1
1383240660,2
1383240840,1
1383240960,1
1383241260,1
1383241860,1
1383242760,1
1383242940,1
1383243480,1
1383243900,1
1383243960,1
1383244620,1
1383245280,1
1383246180,1
1383246420,1
1383246600,1
1383246960,1
1383247200,1
1383247560,1
1383248760,1
1383250560,1
1383250860,1
1383251580,1
1383252480,1
1383253200,1
1383253620,1
1383254580,2
1383255180,1
1383255300,1
1383255540,1
1383256440,4
1383256500,2
1383256560,1
1383256680,1
1383257280,3
1383257400,2
1383258180,1
1383259560,1
1383259920,1
1383260520,1
1383262680,1
1383264480,1
1383267180,5
1383269520,1
1383269640,1
1383270180,1
1383302340,1
1383302760,1
1383305700,1
1383306360,1
1383306780,1
1383310080,1
1383312900,1
1383313320,1
1383314880,1
1383316080,1
1383317520,1
1383317940,1
1383318780,1
1383318960,1
1383320460,1
1383320820,1
1383321600,1
1383321840,1
1383322380,1
1383322860,1
1383323940,1
1383324120,2
1383324660,3
1383324720,1
1383324960,1
1383325200,1
1383325320,1
1383325560,1
1383326040,1
1383326220,2
1383326460,2
1383327120,1
1383327840,1
1383328080,1
1383329040,1
1383329280,1
1383329580,1
1383330180,1
1383330780,2
1383331140,1
1383332040,1
1383333480,1
1383334020,1
1383334500,1
1383334620,1
1383335760,1
1383336360,1
1383336660,1
1383339900,1
1383340140,4
1383340260,1
1383340860,2
1383341040,3
1383343380,1
1383343980,2
1383344580,2
1383344820,1
1383344880,1
1383345060,1
1383345420,1
1383345540,1
1383345660,1
1383345840,1
1383345960,1
1383346560,1
1383346680,1
1383347100,1
1383347280,1
1383347400,1
1383347940,1
1383348300,2
1383348420,3
1383350880,1
1383351060,3
1383352440,2
1383353460,1
1383353820,1
1383358560,1
1383363000,1
1383371520,1
1383392220,1
1383397140,1
1383398160,2
1383401520,1
1383403800,1
1383404160,1
1383405240,1
1383406320,1
1383406800,1
1383406860,1
1383407280,1
1383408540,1
1383408660,1
1383408900,1
1383409020,1
1383410040,1
1383410820,2
1383413580,1
1383413700,1
1383414060,1
1383414540,1
1383414840,2
1383415020,2
1383415200,1
1383417060,1
1383417660,1
1383418380,1
1383418860,1
1383419400,1
1383419880,1
1383420120,3
1383420180,2
1383421500,1
1383421740,1
1383422100,1
1383422520,1
1383422940,1
1383423180,1
1383423540,1
1383424560,1
1383426120,1
1383427740,1
1383428580,1
1383429480,1
1383429600,2
1383429780,1
1383431040,2
1383431220,2
1383432180,1
1383432900,1
1383436500,1
1383437640,1
1383438720,1
1383441540,1
1383447240,1
1383448740,1
1383454200,1
1383457860,1
1383458760,8
1383483960,1
1383487740,1
1383488940,1
1383491820,1
1383494880,1
1383495660,1
1383495840,1
1383496140,1
1383497280,1
1383497460,1
1383497940,1
1383498480,1
1383499980,1
1383500580,1
1383501720,2
1383502020,1
1383502620,1
1383502740,2
1383504900,1
1383505140,1
1383505200,1
1383510780,1
1383514080,1
1383514680,1
1383515700,1
1383516000,2
1383517020,1
1383519120,1
1383519480,1
1383523200,1
1383523320,1
1383523500,1
1383525600,1
1383527160,2
1383541140,1
1383546300,1
1383563820,1
1383565680,1
1383568860,2
1383570000,1
1383570480,1
1383571800,1
1383572160,1
1383572520,1
1383572700,2
1383572820,1
1383573240,1
1383573300,1
1383574380,1
1383574740,2
1383575280,1
1383575520,1
1383576060,4
1383576180,2
1383577080,1
1383577320,2
1383578580,1
1383580800,1
1383581100,1
1383581820,1
1383582000,2
1383583140,1
1383584280,1
1383585120,1
1383585960,1
1383588360,1
1383588480,1
1383589140,2
1383589440,1
1383589800,1
1383590220,1
1383590580,1
1383592860,1
1383593160,1
1383593700,1
1383596580,1
1383597480,1
1383597720,2
1383598560,1
1383599760,1
1383600960,2
1383601140,1
1383601200,1
1383601560,1
1383602760,1
1383603180,1
1383603780,1
1383603960,2
1383604560,4
1383606120,1
1383606900,1
1383608280,1
1383608400,1
1383608820,1
1383610560,2
1383611460,1
1383616440,1
1383617400,1
1383619140,1
1383619200,1
1383619440,1
1383619920,2
1383624660,1
1383627960,1
1383651780,1
1383652800,1
1383654660,1
1383655140,1
1383655800,1
1383657720,1
1383657960,3
1383658620,1
1383659220,2
1383659760,1
1383661320,1
1383661620,1
1383661920,1
1383662100,2
1383662160,2
1383662340,1
1383662400,1
1383662520,1
1383662760,1
1383663060,1
1383663180,2
1383664200,1
1383666720,1
1383667620,1
1383668820,2
1383669420,1
1383670560,1
1383670860,1
1383671220,2
1383671400,1
1383671460,1
1383671640,1
1383671820,2
1383672540,1
1383673980,1
1383675120,1
1383675420,1
1383676020,1
1383676320,1
1383677460,1
1383678540,1
1383679560,1
1383679620,1
1383680760,1
1383681000,2
1383681300,1
1383682320,1
1383682440,2
1383683580,1
1383683880,2
1383685200,1
1383685980,1
1383686040,1
1383686880,1
1383687180,1
1383687420,1
1383687540,1
1383688440,1
1383688680,1
1383688920,1
1383689340,1
1383689580,2
1383690060,1
1383690360,2
1383690780,1
1383691260,1
1383692040,1
1383693780,1
1383694020,1
1383694200,1
1383695220,1
1383695760,1
1383696480,1
1383698280,1
1383698880,1
1383699840,2
1383700200,1
1383700380,1
1383700440,1
1383702300,1
1383702420,1
1383710340,1
1383738300,1
1383739380,1
1383740460,1
1383741720,1
1383742020,1
1383742200,1
1383743700,1
1383743880,1
1383744240,3
1383744780,3
1383745080,3
1383745560,1
1383745620,1
1383745860,1
1383745980,1
1383746160,1
1383746640,2
1383746760,1
1383747300,1
1383747420,1
1383748020,1
1383748320,1
1383748860,1
1383750000,1
1383750300,6
1383750600,2
1383750660,1
1383751200,1
1383751260,1
1383752220,2
1383753840,1
1383756720,1
1383757800,1
1383758700,1
1383759360,1
1383760740,1
1383761520,1
1383762420,1
1383763020,2
1383764640,1
1383765900,1
1383768240,1
1383769080,7
1383769200,1
1383769740,2
1383770100,1
1383770520,1
1383771540,1
1383771720,1
1383771960,1
1383772020,1
1383772080,1
1383774480,1
1383774660,1
1383774900,1
1383775260,2
1383775380,1
1383775920,1
1383776100,1
1383776220,1
1383776280,1
1383776340,1
1383776820,1
1383776940,1
1383777000,1
1383777120,1
1383777420,1
1383777540,2
1383777600,1
1383777660,1
1383777840,1
1383778200,1
1383778320,1
1383778980,1
1383780120,1
1383780360,1
1383781200,1
1383789180,1
1383789240,1
1383789600,1
1383790800,1
1383791460,1
1383792480,6
1383795000,1
1383795600,1
1383795660,1
1383796320,1
1383796800,1
1383798000,1
1383801600,1
1383824640,1
1383824760,1
1383827100,1
1383827460,1
1383827700,2
1383827880,2
1383828060,1
1383828240,1
1383828720,1
1383829260,2
1383830460,2
1383830700,2
1383831600,1
1383832500,2
1383832560,1
1383833280,1
1383833460,1
1383833880,1
1383834360,1
1383834600,2
1383834720,1
1383835080,1
1383835440,2
1383835920,1
1383836220,2
1383836460,1
1383839100,1
1383839700,1
1383841740,1
1383843600,1
1383845340,1
1383846660,1
1383847140,1
1383848100,2
1383848400,1
1383848760,1
1383848820,1
1383849060,1
1383849540,1
1383851820,1
1383853860,1
1383854880,1
1383856380,1
1383856680,1
1383857820,1
1383859440,1
1383861480,1
1383861960,1
1383862140,1
1383862380,1
1383862560,1
1383862620,1
1383862740,1
1383862860,1
1383863640,1
1383863760,1
1383864000,1
1383864240,1
1383865620,1
1383867060,1
1383867180,1
1383867780,1
1383867960,1
1383868200,1
1383871740,2
1383872040,1
1383873300,1
1383873780,1
1383873900,1
1383884100,1
1383886380,1
1383910800,1
1383911280,1
1383914340,1
1383914880,1
1383918420,1
1383918600,1
1383918720,1
1383918900,1
1383919560,1
1383919680,1
1383920100,1
1383920340,2
1383920880,1
1383921540,1
1383921960,1
1383923100,1
1383923280,1
1383924240,1
1383926520,1
1383926700,1
1383926820,1
1383928380,1
1383928740,1
1383928860,2
1383929460,1
1383929700,2
1383930480,1
1383930720,1
1383931680,1
1383931800,1
1383934140,1
1383934800,1
1383935580,1
1383935760,1
1383936180,1
1383937380,1
1383937440,1
1383938040,1
1383938580,1
1383938640,1
1383939060,1
1383939300,1
1383939720,1
1383940020,3
1383940260,1
1383940380,2
1383940800,1
1383941040,1
1383941160,2
1383941640,1
1383941760,1
1383943200,1
1383944160,2
1383945540,1
1383946980,1
1383947280,1
1383947400,2
1383947580,1
1383947700,1
1383947760,1
1383947940,1
1383948360,2
1383948540,1
1383949920,1
1383950040,2
1383950280,1
1383950580,3
1383950640,1
1383950700,1
1383950820,1
1383950880,1
1383951120,1
1383954180,2
1383954300,1
1383954420,1
1383956940,1
1383957600,1
1383957720,1
1383961560,1
1383962160,1
1383962220,2
1383962640,1
1383963660,1
1383978900,1
1383979920,1
1383995400,1
1384005000,1
1384008180,1
1384011660,1
1384015140,1
1384016700,1
1384019940,1
1384020060,3
1384020360,1
1384025340,1
1384027380,1
1384027680,3
1384030560,1
1384031700,1
1384033440,1
1384033560,2
1384033680,1
1384036140,1
1384036320,1
1384037700,1
1384037820,1
1384038600,1
1384038720,1
1384041900,1
1384056300,1
1384064520,1
1384088100,1
1384095360,1
1384095420,1
1384098720,1
1384099560,1
1384099860,1
1384101960,1
1384102260,1
1384102380,1
1384104000,1
1384104360,1
1384104600,1
1384105920,1
1384107420,1
1384107840,1
1384107900,1
1384110660,1
1384110900,1
1384114500,1
1384114560,3
1384115220,1
1384116060,1
1384119600,1
1384122420,2
1384123140,1
1384123320,1
1384123440,1
1384124280,1
1384125780,1
1384126500,1
1384126740,1
1384127760,1
1384131360,1
1384132260,1
1384136880,1
1384138680,1
1384141620,1
1384144740,2
1384149240,1
1384149540,2
1384154340,1
1384162020,1
1384165620,1
1384171860,1
1384173660,1
1384174260,1
1384175580,1
1384176600,1
1384177920,1
1384178100,2
1384178880,1
1384180020,1
1384180860,1
1384181700,1
1384181760,1
1384183440,2
1384184280,1
1384187220,1
1384187940,1
1384189980,1
1384190400,1
1384190460,1
1384191540,1
1384191600,1
1384192260,1
1384192380,1
1384192680,1
1384193280,1
1384193520,1
1384193760,1
1384194000,1
1384194900,1
1384195020,1
1384195140,1
1384195320,1
1384195440,1
1384196280,1
1384196580,2
1384196700,1
1384197000,1
1384197060,1
1384197300,1
1384198260,1
1384198380,1
1384198500,1
1384199220,1
1384199880,1
1384200060,1
1384200180,1
1384200540,1
1384201200,1
1384201680,2
1384202340,1
1384202580,1
1384203420,1
1384204020,1
1384204680,2
1384206300,1
1384206720,1
1384207020,1
1384207080,1
1384208220,1
1384208460,1
1384208760,2
1384208880,1
1384209360,2
1384209420,1
1384209900,1
1384210200,2
1384210860,1
1384211040,3
1384211340,2
1384211700,1
1384211880,1
1384212000,1
1384212180,1
1384212660,2
1384212780,1
1384213440,1
1384213680,1
1384214040,2
1384214340,1
1384214940,1
1384215060,1
1384215240,3
1384215480,2
1384215840,1
1384216080,2
1384216380,2
1384216680,2
1384217040,1
1384217280,2
1384220280,2
1384220340,1
1384223700,1
1384225140,1
1384226040,1
1384230240,1
1384231440,1
1384260900,1
1384264440,1
1384265400,1
1384265640,1
1384266840,1
1384267440,4
1384267500,1
1384267740,1
1384267860,1
1384267980,2
1384268580,1
1384268640,1
1384270080,1
1384270740,1
1384270860,1
1384276080,1
1384277160,2
1384279260,1
1384279380,1
1384279800,1
1384280160,1
1384281600,1
1384282080,1
1384283520,1
1384284120,1
1384289400,1
1384290000,1
1384290060,1
1384290480,2
1384291020,1
1384291980,1
1384293600,1
1384294140,1
1384294320,1
1384294740,1
1384294860,1
1384295340,1
1384295460,1
1384298820,1
1384298880,1
1384301460,1
1384301580,1
1384301700,1
1384302420,1
1384304460,2
1384304880,1
1384305000,1
1384342920,1
1384343100,1
1384347000,1
1384347600,1
1384349580,1
1384351260,1
1384351860,1
1384353000,1
1384353540,1
1384354980,1
1384356300,1
1384356660,1
1384359240,1
1384360920,1
1384361220,1
1384362060,1
1384362360,1
1384362840,1
1384363620,2
1384363980,2
1384364100,1
1384365660,1
1384366620,1
1384366920,1
1384367100,1
1384367400,1
1384368480,1
1384368960,1
1384369440,1
1384370100,1
1384370220,1
1384371060,1
1384371120,1
1384373280,1
1384373700,1
1384373820,1
1384374120,1
1384374240,1
1384374420,2
1384375080,1
1384376100,1
1384376280,1
1384376760,1
1384376820,1
1384378740,1
1384378860,1
1384379220,1
1384380060,1
1384380720,2
1384380840,2
1384380960,2
1384381380,1
1384381800,1
1384382040,1
1384382160,1
1384382460,2
1384384440,1
1384384620,1
1384385160,1
1384385280,1
1384385580,1
1384386060,1
1384386240,2
1384388340,1
1384389480,1
1384390560,1
1384391880,1
1384392120,1
1384392660,1
1384393080,1
1384393380,1
1384393620,1
1384395480,1
1384398240,1
1384398480,1
1384400100,1
1384401420,2
1384404060,1
1384429500,1
1384429800,1
1384432020,1
1384433280,1
1384433580,1
1384434060,2
1384435740,1
1384436940,1
1384438140,1
1384438800,2
1384439580,1
1384440240,1
1384441320,1
1384441440,1
1384441920,1
1384445460,1
1384445580,1
1384446060,1
1384447500,1
1384447860,1
1384447920,1
1384449360,1
1384449480,1
1384452420,2
1384452540,1
1384452660,1
1384453200,3
1384453380,1
1384454340,1
1384454820,1
1384455720,1
1384455960,2
1384456320,2
1384456800,1
1384456980,1
1384457220,1
1384457520,1
1384457580,1
1384457760,1
1384458060,1
1384458420,1
1384459620,1
1384460280,1
1384460700,1
1384462020,1
1384462440,1
1384462560,1
1384464300,1
1384464660,1
1384464960,1
1384465200,3
1384465440,1
1384465620,1
1384465800,1
1384466160,1
1384466280,1
1384466460,1
1384467840,1
1384468020,1
1384468140,2
1384468260,1
1384468500,1
1384468680,1
1384468740,1
1384468800,1
1384468860,1
1384469220,2
1384469520,1
1384470480,3
1384470660,1
1384472340,1
1384472580,1
1384472940,1
1384473180,1
1384473780,1
1384478520,1
1384489020,1
1384489680,1
1384506420,1
1384514280,1
1384514460,1
1384515960,1
1384518720,1
1384520400,1
1384521000,1
1384521720,1
1384522440,1
1384523100,1
1384523160,2
1384523400,1
1384524900,2
1384525260,1
1384525320,2
1384525560,1
1384525980,1
1384526100,1
1384527300,1
1384527360,1
1384527480,1
1384528500,1
1384528980,2
1384531080,1
1384532940,1
1384533120,3
1384533180,2
1384534200,1
1384534680,1
1384535760,1
1384536060,1
1384536480,1
1384536900,1
1384537080,1
1384537860,1
1384538340,1
1384538580,1
1384539240,1
1384539780,1
1384540020,2
1384540200,1
1384540560,1
1384540680,1
1384541400,1
1384541940,1
1384542660,1
1384542900,1
1384543320,1
1384543500,2
1384543740,1
1384544040,2
1384544820,2
1384544940,3
1384545240,1
1384546680,1
1384547160,1
1384547640,1
1384547760,2
1384551540,1
1384553580,1
1384554060,1
1384554300,1
1384554600,1
1384555020,1
1384555080,3
1384555260,1
1384555320,1
1384555500,1
1384555620,1
1384555680,3
1384555920,2
1384556460,2
1384556580,1
1384556700,1
1384556880,2
1384557780,1
1384558800,1
1384559280,1
1384560840,1
1384561440,1
1384570140,1
1384570320,1
1384602000,1
1384608780,1
1384614300,1
1384614540,1
1384617360,1
1384627080,1
1384628220,1
1384628340,1
1384630500,1
1384631340,1
1384632240,1
1384632660,1
1384632780,1
1384633320,2
1384634100,1
1384634280,1
1384634520,1
1384636380,1
1384636920,1
1384640640,1
1384641120,1
1384641360,1
1384642200,1
1384642440,1
1384644540,1
1384644720,1
1384647240,1
1384653720,1
1384657560,1
1384664040,1
1384664220,1
1384664280,1
1384666380,1
1384672740,1
1384674780,1
1384675080,1
1384699680,3
1384701000,2
1384701360,1
1384707720,1
1384708860,2
1384709040,1
1384709100,1
1384713060,1
1384716180,1
1384716240,1
1384716960,2
1384718100,1
1384718340,1
1384718580,1
1384719720,1
1384720380,1
1384721460,1
1384722060,1
1384725180,1
1384726680,1
1384729680,1
1384730460,1
1384731180,1
1384732680,2
1384733760,1
1384736580,1
1384736700,1
1384739400,1
1384741740,2
1384743300,1
1384743480,1
1384743720,1
1384744020,2
1384744380,2
1384746780,1
1384748760,1
1384749900,1
1384750020,1
1384775340,1
1384776480,1
1384776840,1
1384777320,2
1384777380,1
1384777740,1
1384778640,2
1384779540,1
1384779660,1
1384780200,1
1384780320,1
1384780980,1
1384781160,1
1384782360,1
1384782780,1
1384782960,1
1384783080,1
1384783260,1
1384783800,1
1384783860,1
1384784400,1
1384785000,1
1384785720,1
1384787340,1
1384788960,1
1384789440,1
1384790220,1
1384790340,1
1384792020,1
1384793040,1
1384795800,1
1384796940,1
1384797120,1
1384798200,1
1384798440,1
1384799040,1
1384799400,1
1384799820,1
1384800540,1
1384800840,1
1384801200,1
1384804440,1
1384804920,1
1384805220,1
1384808400,2
1384808700,1
1384809840,1
1384810260,1
1384812300,1
1384812540,1
1384814640,1
1384815780,1
1384817400,1
1384817640,1
1384817940,1
1384818000,1
1384818540,1
1384818600,1
1384818720,1
1384820400,1
1384820820,1
1384821480,1
1384821600,1
1384821960,1
1384822680,1
1384823220,1
1384825800,1
1384826100,1
1384826160,1
1384826460,1
1384827060,1
1384828680,1
1384830180,2
1384831020,1
1384835460,1
1384861380,1
1384863180,1
1384863420,1
1384866300,1
1384866360,1
1384866480,1
1384867560,1
1384867800,1
1384869060,2
1384869960,2
1384870080,1
1384871220,1
1384871340,1
1384871460,2
1384872000,1
1384872420,2
1384872540,1
1384872960,1
1384873860,1
1384874100,1
1384874220,1
1384875060,2
1384875840,1
1384876020,1
1384877100,1
1384877340,1
1384878000,1
1384878540,1
1384881720,1
1384882380,1
1384882440,1
1384882860,1
1384883160,1
1384883340,1
1384883640,1
1384883700,2
1384885260,1
1384885620,1
1384886400,1
1384886580,1
1384886820,1
1384887360,1
1384888080,1
1384888500,1
1384888800,1
1384888980,1
1384889400,1
1384889880,1
1384889940,1
1384890300,1
1384890420,1
1384891800,1
1384892760,1
1384893000,2
1384893900,1
1384894320,1
1384895040,2
1384895220,2
1384895640,2
1384896540,1
1384897980,1
1384898160,1
1384898460,1
1384898580,1
1384899240,1
1384899360,1
1384899420,1
1384899660,1
1384899780,1
1384899900,1
1384899960,2
1384900140,1
1384900500,1
1384900560,1
1384900740,2
1384901160,1
1384901280,2
1384901340,1
1385590260,1
1385590320,1
1385590560,1
1385592720,1
1385597700,1
1385601000,1
1385617260,1
1385620860,1
1385622180,1
1385627160,1
1385628540,1
1385628660,1
1385630160,1
1385631060,1
1385632260,1
1385634180,1
1385634960,1
1385636160,1
1385637060,1
1385637660,1
1385639460,1
1385640360,1
1385641860,1
1385642460,1
1385643360,1
1385644560,1
1385645160,1
1385645760,1
1385649900,1
1385651160,1
1385652660,1
1385656860,1
1385657940,1
1385660160,2
1385661840,1
1385662440,1
1385665860,1
1385676660,1
1385677560,1
1385679360,1
1385682060,1
1385686560,1
1385688060,1
1385689860,1
1385694060,1
1385694660,1
1385696160,1
1385698260,1
1385700360,1
1385700960,1
1385702760,1
1385705160,1
1385706960,1
1385707560,2
1385711460,1
1385712060,2
1385715360,1
1385716560,1
1385717160,1
1385717760,1
1385718360,1
1385719260,1
1385720760,1
1385721960,1
1385724060,1
1385724960,1
1385725860,1
1385727660,2
1385728860,1
1385729400,1
1385731260,1
1385732100,1
1385735760,1
1385737560,1
1385739360,1
1385741460,1
1385741640,1
1385743260,1
1385744160,1
1385748060,1
1385750520,1
1385750760,1
1385751660,1
1385752260,1
1385756520,1
1385756820,1
1385758980,1
1385760420,1
1385761800,3
1385762040,2
1385762160,2
1385762280,2
1385762340,2
1385762460,2
1385762580,2
1385762640,2
1385762760,2
1385762940,1
1385763300,1
1385764200,1
1385766120,1
1385768280,2
1385777940,1
1385791500,1
1385821800,1
1385823240,1
1385826720,1
1385833020,1
1385834100,1
1385839620,1
1385841720,1
1385842260,1
1385842680,1
1385847240,1
1385851080,1
1385852280,1
1385854380,1
1385854620,1
1385855400,1
1385855880,1
1385856600,2
1385856660,3
1385857260,1
1385880660,1
1385914260,1
1385915640,1
1385917920,1
1385918700,1
1385922660,1
1385923320,1
1385924580,1
1385924640,1
1385925120,1
1385925660,1
1385927040,1
1385927280,1
1385927820,1
1385928360,1
1385932620,1
1385941140,1
1385942100,1
1385943600,1
1385945340,1
1385945520,1
1385947440,1
1385947560,1
1385949600,1
1385953080,1
1385955000,1
1385956560,1
1385957700,1
1385983200,1
1385984580,1
1385985360,1
1385986020,1
1385986260,1
1385986860,1
1385987280,1
1385987940,1
1385988120,1
1385988180,1
1385988300,1
1385989380,1
1385989740,1
1385990400,1
1385991300,1
1385991480,1
1385991660,2
1385991720,1
1385991900,1
1385992320,1
1385992920,1
1385993100,1
1385994120,2
1385994600,1
1385994660,1
1385994960,1
1385995800,1
1385996100,2
1385996160,1
1385996220,1
1385996280,1
1385996340,1
1385997180,1
1385997240,1
1385998740,1
1386000840,1
1386001980,1
1386003240,1
1386005040,1
1386005880,1
1386006480,1
1386006660,1
1386006960,1
1386007080,2
1386010380,1
1386010560,1
1386010740,1
1386010980,1
1386011220,1
1386011880,1
1386013020,1
1386013440,1
1386013860,1
1386014040,1
1386016080,1
1386016380,2
1386017520,1
1386018000,1
1386018240,1
1386018300,1
1386018480,1
1386018600,2
1386020760,1
1386020820,1
1386022080,1
1386022320,1
1386022380,1
1386023220,2
1386023340,1
1386023400,1
1386023460,2
1386023640,2
1386023760,1
1386024120,1
1386024360,2
1386024420,1
1386024660,1
1386024780,1
1386024840,1
1386024960,2
1386025680,1
1386025860,1
1386025980,1
1386026040,1
1386026640,1
1386026820,2
1386026940,1
1386027300,1
1386028020,1
1386028440,2
1386028500,2
1386028620,1
1386030180,1
1386031380,1
1386032760,1
1386034920,2
1386035160,1
1386038340,1
1386040500,1
1386068880,1
1386069180,1
1386071160,1
1386074820,1
1386074880,1
1386076860,1
1386077220,1
1386078300,1
1386078480,1
1386078540,1
1386078960,1
1386079140,1
1386079560,1
1386079680,1
1386079800,1
1386080220,1
1386080280,1
1386080880,1
1386081300,1
1386081480,3
1386081600,1
1386081660,1
1386081840,2
1386082740,1
1386083460,1
1386084780,1
1386085260,1
1386085680,1
1386086100,1
1386086760,1
1386087240,1
1386087780,1
1386090840,1
1386090900,1
1386091140,1
1386091980,1
1386093720,1
1386094380,1
1386094860,1
1386095220,3
1386095280,1
1386095400,1
1386096600,1
1386096840,1
1386097080,1
1386097260,1
1386097920,1
1386099180,1
1386099720,1
1386100860,1
1386102300,1
1386102540,1
1386104580,1
1386106080,1
1386106860,1
1386107100,1
1386107160,1
1386107400,2
1386107520,1
1386107580,1
1386108060,1
1386108420,1
1386108480,1
1386109140,1
1386109200,1
1386109500,1
1386109620,1
1386109800,1
1386109860,1
1386109980,1
1386110100,1
1386110460,1
1386110580,1
1386110820,2
1386111240,1
1386111420,1
1386111540,1
1386111780,2
1386111900,2
1386112020,1
1386112080,1
1386112140,2
1386112200,1
1386113100,1
1386113280,2
1386113340,1
1386113940,1
1386114180,1
1386114480,1
1386115080,1
1386115200,2
1386115380,1
1386115560,1
1386116280,1
1386116520,1
1386116820,1
1386117060,1
1386117240,2
1386117660,1
1386118080,2
1386118200,1
1386118560,2
1386120060,1
1386120120,1
1386120660,1
1386121020,1
1386121380,1
1386121620,1
1386121980,2
1386122280,1
1386122460,2
1386123480,1
1386123720,1
1386128400,1
1386128460,2
1386157620,1
1386160980,1
1386161940,1
1386162120,2
1386162780,1
1386163260,1
1386165360,1
1386165480,1
1386165960,1
1386166020,1
1386166260,1
1386166500,1
1386166560,1
1386167100,1
1386167520,1
1386167640,1
1386168840,1
1386169200,1
1386173640,1
1386174060,1
1386174180,1
1386174600,21
1386175920,1
1386176520,1
1386176940,1
1386177000,1
1386177960,2
1386178020,2
1386178140,1
1386178380,1
1386178440,1
1386178680,1
1386178740,1
1386179040,2
1386180120,1
1386181080,1
1386181200,1
1386181440,1
1386181500,1
1386181920,1
1386182220,1
1386182940,2
1386183120,1
1386183600,1
1386184020,1
1386184080,1
1386184200,1
1386184500,1
1386184560,1
1386184620,1
1386185220,1
1386185460,1
1386185700,1
1386185880,1
1386186000,2
1386187380,1
1386187680,1
1386187740,2
1386188520,1
1386189180,1
1386189420,1
1386189780,1
1386190200,1
1386193200,1
1386193560,1
1386194040,1
1386194340,1
1386194760,1
1386195000,2
1386195060,1
1386195780,1
1386196020,1
1386196140,1
1386196260,1
1386196560,1
1386197520,1
1386198060,2
1386198180,1
1386199080,1
1386199440,2
1386199680,1
1386200040,1
1386200460,1
1386200520,1
1386200580,2
1386200940,1
1386201000,1
1386201420,1
1386201540,1
1386201840,1
1386201960,1
1386202020,1
1386202200,1
1386202260,1
1386202560,1
1386202740,1
1386202800,1
1386203160,1
1386203280,1
1386203460,1
1386203760,1
1386203940,1
1386204120,1
1386204600,1
1386204900,1
1386205140,1
1386205320,1
1386205440,1
1386205800,1
1386205920,1
1386207240,1
1386211500,1
1386218340,1
1386225540,2
1386226140,1
1386241800,1
1386247560,1
1386248760,1
1386249720,1
1386251460,1
1386251940,1
1386252000,1
1386252300,1
1386252900,2
1386253200,1
1386253440,1
1386253560,1
1386253620,1
1386253860,1
1386255060,2
1386255180,1
1386255360,2
1386256140,1
1386256260,1
1386256500,1
1386256860,1
1386258420,1
1386259080,1
1386259920,1
1386260340,1
1386260880,1
1386262260,2
1386263100,1
1386263880,1
1386265860,1
1386266460,1
1386267240,1
1386267540,1
1386268500,1
1386269160,2
1386269460,1
1386269640,1
1386269700,1
1386269820,1
1386270000,1
1386272100,1
1386272220,2
1386272520,1
1386272580,1
1386273060,2
1386273300,1
1386273780,1
1386274020,1
1386274080,1
1386274200,1
1386276900,1
1386277920,1
1386278160,2
1386278700,1
1386279780,1
1386280200,1
1386280920,1
1386281160,1
1386281220,1
1386281460,1
1386281580,1
1386281700,1
1386281880,1
1386282060,1
1386282420,1
1386282900,1
1386283020,1
1386283320,1
1386283560,1
1386285060,1
1386285480,1
1386285660,1
1386285960,1
1386287160,1
1386287700,1
1386288540,1
1386288660,1
1386288720,2
1386290520,1
1386292020,1
1386292980,1
1386301740,1
1386301980,1
1386302160,1
1386314040,1
1386325620,1
1386334020,1
1386334560,1
1386336180,1
1386340980,1
1386347400,1
1386349620,1
1386351300,1
1386354180,1
1386355860,1
1386357600,1
1386357960,1
1386360360,1
1386362940,1
1386363720,1
1386366480,1
1386368100,1
1386368760,2
1386369000,1
1386370380,1
1386370980,1
1386373380,1
1386373440,1
1386373860,1
1386378060,1
1386380760,1
1386402660,1
1386414000,1
1386414660,1
1386427200,1
1386428460,1
1386432480,1
1386432720,1
1386432780,1
1386432840,1
1386433380,1
1386435900,1
1386436740,1
1386437040,1
1386439860,1
1386439920,1
1386440520,1
1386444240,1
1386445020,1
1386445680,1
1386446400,1
1386449700,1
1386449760,1
1386452220,1
1386452760,1
1386454080,1
1386455160,1
1386456000,1
1386456840,1
1386457920,1
1386460860,1
1386460920,1
1386463140,1
1386466140,1
1386472920,1
1386474120,1
1386483060,1
1386483120,1
1386487080,1
1386493200,1
1386493260,1
1386496560,1
1386502380,1
1386512340,1
1386519420,1
1386527340,1
1386529200,1
1386533220,1
1386533460,1
1386534600,1
1386544260,1
1386544680,1
1386551760,1
1386553200,1
1386592860,1
1386597960,1
1386598380,1
1386598560,1
1386598980,1
1386599460,1
1386600960,1
1386602400,1
1386602760,1
1386603960,1
1386604020,1
1386604140,2
1386605460,1
1386606960,1
1386608040,1
1386608940,1
1386609540,1
1386611460,1
1386612600,1
1386613680,1
1386614760,1
1386615180,1
1386616200,1
1386616860,1
1386617220,1
1386617460,1
1386620280,1
1386621540,1
1386622860,1
1386623460,1
1386625440,1
1386627060,2
1386627720,1
1386627780,1
1386628260,1
1386628380,1
1386628440,1
1386628560,1
1386629460,4
1386629700,1
1386629760,1
1386629940,1
1386630000,2
1386630600,1
1386630780,1
1386630960,2
1386631260,1
1386631680,1
1386632100,1
1386632280,1
1386632760,1
1386632820,1
1386633060,1
1386633360,1
1386634140,1
1386635040,1
1386635340,1
1386635460,1
1386636120,1
1386637020,1
1386637500,1
1386639540,1
1386639600,1
1386671040,1
1386671160,1
1386676020,1
1386676380,1
1386676980,1
1386677640,1
1386678480,1
1386678540,1
1386679080,1
1386679560,1
1386684060,1
1386684540,1
1386687660,1
1386688500,1
1386699660,1
1386701280,1
1386705600,1
1386706320,1
1386706620,1
1386706920,1
1386707100,1
1386707280,1
1386711600,1
1386712080,1
1386712620,1
1386713100,1
1386713940,1
1386714540,1
1386714780,1
1386715200,1
1386715260,1
1386715560,1
1386715740,1
1386715800,1
1386715860,1
1386716040,2
1386716640,1
1386716940,1
1386717780,1
1386718140,1
1386718200,1
1386718620,1
1386718920,1
1386720240,1
1386721140,1
1386721800,1
1386722700,1
1386723120,1
1386723840,1
1386723960,1
1386726180,1
1386726720,1
1386727260,1
1386728160,1
1386760140,1
1386761100,1
1386765180,1
1386767640,1
1386769680,1
1386769920,1
1386770400,1
1386771120,1
1386772500,1
1386774300,1
1386774480,1
1386774960,1
1386776820,1
1386778500,1
1386778560,1
1386779760,1
1386780780,1
1386781020,1
1386782100,1
1386782940,1
1386783060,1
1386783180,1
1386783720,1
1386783780,1
1386784440,1
1386785460,1
1386785580,1
1386786060,1
1386786600,1
1386787440,1
1386788580,1
1386788640,1
1386789420,1
1386789600,1
1386789960,1
1386790140,1
1386790500,2
1386790920,1
1386791640,1
1386791880,2
1386792240,1
1386792480,1
1386793680,1
1386794100,1
1386794460,1
1386795720,1
1386797340,1
1386797460,1
1386797820,1
1386797880,1
1386798960,1
1386799320,1
1386799560,2
1386799680,1
1386800700,1
1386800880,1
1386800940,1
1386801000,1
1386801360,2
1386801540,1
1386801840,1
1386802080,1
1386802200,1
1386802260,2
1386802560,1
1386802740,1
1386802800,1
1386803100,1
1386803160,1
1386803400,1
1386803700,1
1386803760,1
1386803940,1
1386804360,1
1386804420,1
1386804720,1
1386805260,2
1386805980,1
1386806400,1
1386806700,1
1386806760,1
1386807660,2
1386808260,1
1386808860,1
1386809460,1
1386809520,1
1386809760,2
1386810600,1
1386810660,1
1386811020,1
1386811260,1
1386812700,1
1386812760,1
1386813360,1
1386813960,1
1386814560,1
1386815460,2
1386816000,1
1386816420,1
1386816480,1
1386816540,1
1386817200,1
1386830220,1
1386846240,1
1386846360,1
1386848400,1
1386851760,1
1386853020,1
1386853200,1
1386854100,1
1386855720,1
1386858360,2
1386858420,1
1386858900,1
1386859260,1
1386860040,1
1386860280,1
1386860760,2
1386861060,1
1386861240,1
1386862560,1
1386863760,1
1386864900,1
1386864960,1
1386867300,1
1386867720,2
1386868260,1
1386869160,1
1386873360,1
1386874980,1
1386875340,1
1386875640,1
1386876060,1
1386876480,1
1386876840,1
1386876960,1
1386877140,1
1386878760,1
1386878880,1
1386879360,1
1386879540,1
1386880320,1
1386880560,1
1386880620,1
1386880740,1
1386881460,1
1386881640,1
1386882180,1
1386882360,1
1386882900,1
1386882960,2
1386883860,1
1386884640,1
1386885180,1
1386885600,1
1386885720,1
1386885960,1
1386886200,1
1386886440,1
1386887160,1
1386887640,1
1386887760,1
1386888000,1
1386888480,1
1386888600,1
1386888960,1
1386889080,1
1386889500,1
1386889860,1
1386891060,1
1386891360,1
1386891480,1
1386891960,1
1386892560,1
1386892740,1
1386893160,1
1386893520,1
1386894180,1
1386894540,1
1386894660,1
1386894960,1
1386895380,1
1386895860,1
1386896220,2
1386896880,2
1386897060,2
1386897660,1
1386898260,1
1386898380,1
1386898800,1
1386899760,1
1386900960,1
1386901620,1
1386901860,1
1386902700,1
1386903360,1
1386905760,1
1386906660,1
1386907260,1
1386913920,1
1386933960,1
1386934860,1
1386938400,1
1386943080,1
1386944520,1
1386944640,1
1386944940,2
1386945000,1
1386945360,1
1386947760,1
1386948300,1
1386949740,1
1386950700,1
1386952140,1
1386953340,1
1386954600,2
1386955260,1
1386955920,1
1386956040,1
1386957540,1
1386957600,1
1386958440,1
1386959160,1
1386962040,1
1386963000,1
1386965040,1
1386966300,1
1386966900,1
1386967440,1
1386967620,1
1386967920,1
1386968880,1
1386970200,1
1386970620,1
1386971160,1
1386971460,1
1386971640,1
1386972480,1
1386973260,1
1386973380,1
1386973620,1
1386973860,1
1386974100,1
1386974220,1
1386974460,1
1386974520,1
1386975480,1
1386975540,2
1386976560,1
1386976980,1
1386977400,1
1386977940,1
1386978000,1
1386980460,1
1386980520,1
1386981240,1
1386981600,1
1386982320,1
1386983580,1
1386984780,2
1386987360,2
1386987960,1
1386990660,1
1386990720,1
1386992160,1
1386993960,1
1386996660,1
1386999060,1
1386999660,1
1387000920,1
1387001040,1
1387003260,1
1387004160,1
1387005060,1
1387005720,1
1387005780,1
1387007460,1
1387008060,1
1387009620,1
1387011360,1
1387011960,1
1387013760,1
1387015560,1
1387016760,1
1387017360,1
1387018260,1
1387019460,2
1387021560,1
1387021680,1
1387023360,1
1387025760,1
1387026960,1
1387027620,1
1387028160,1
1387029360,1
1387030560,1
1387031460,1
1387032360,1
1387033920,1
1387034760,1
1387037820,1
1387038960,1
1387039440,1
1387041060,1
1387042260,1
1387043220,1
1387045620,2
1387046460,1
1387047660,1
1387049160,1
1387050060,1
1387050960,1
1387053120,1
1387057620,1
1387058160,1
1387059360,1
1387060920,1
1387064460,1
1387065120,1
1387065960,1
1387066560,1
1387067160,1
1387068120,1
1387069560,1
1387070460,1
1387071420,1
1387072320,1
1387074120,1
1387074960,1
1387076160,1
1387076820,1
1387078920,1
1387080960,1
1387083120,1
1387085160,1
1387086120,1
1387086960,1
1387089060,1
1387089660,1
1387091220,1
1387092720,1
1387093860,1
1387094460,1
1387096920,1
1387097460,1
1387098120,1
1387098660,1
1387099320,1
1387100520,1
1387101420,1
1387103160,1
1387104060,1
1387105020,1
1387106460,1
1387107660,1
1387108560,1
1387110060,1
1387110960,1
1387115160,1
1387119660,1
1387120320,1
1387121160,1
1387122120,1
1387122660,1
1387122720,1
1387123320,1
1387123920,1
1387123980,1
1387124460,1
1387126320,1
1387127760,1
1387129320,1
1387129920,1
1387129980,1
1387131060,1
1387132320,1
1387133520,1
1387133640,1
1387135620,1
1387136520,1
1387137120,1
1387138620,1
1387140900,1
1387141260,1
1387141920,1
1387142520,1
1387143120,1
1387143720,1
1387144020,1
1387149420,1
1387156920,1
1387157220,1
1387192380,1
1387194780,1
1387195860,1
1387198320,1
1387198980,1
1387200540,1
1387201860,1
1387203000,1
1387203180,1
1387203900,1
1387204500,1
1387205340,1
1387205400,1
1387205760,1
1387206180,1
1387208400,1
1387208520,1
1387211460,1
1387214160,1
1387216080,1
1387216140,1
1387218060,1
1387219020,1
1387219860,1
1387221000,1
1387222200,1
1387222920,1
1387222980,1
1387223040,1
1387223100,1
1387226880,1
1387227120,1
1387227360,1
1387228260,1
1387228740,1
1387229400,1
1387230300,1
1387230360,1
1387231320,1
1387232040,1
1387232640,1
1387233120,1
1387233240,1
1387233300,1
1387233840,1
1387233900,1
1387234320,1
1387234620,1
1387234800,1
1387235280,1
1387235340,1
1387235760,1
1387235820,1
1387236000,1
1387236360,1
1387237140,1
1387237260,1
1387238160,1
1387239060,1
1387239420,1
1387239660,1
1387239840,1
1387240620,1
1387242060,1
1387242660,1
1387244100,1
1387244580,1
1387244880,1
1387244940,1
1387245060,1
1387246260,1
1387249260,1
1387250280,1
1387250460,1
1387250940,1
1387251060,1
1387251720,1
1387252440,1
1387252560,1
1387253460,1
1387253940,1
1387254960,1
1387256760,1
1387257660,1
1387258860,1
1387260960,1
1387262160,1
1387262760,1
1387264260,1
1387265160,1
1387266060,1
1387267860,1
1387268760,1
1387269960,1
1387270860,1
1387272120,1
1387273260,1
1387275060,1
1387276560,1
1387277520,1
1387278060,1
1387278780,1
1387278960,1
1387279500,1
1387279920,1
1387280760,1
1387281420,1
1387281960,1
1387282620,1
1387282860,1
1387283760,1
1387284720,1
1387284960,1
1387285980,1
1387286760,1
1387287960,1
1387288560,1
1387288860,1
1387289280,1
1387289760,1
1387289880,1
1387290000,1
1387290420,1
1387291860,1
1387292340,1
1387294260,1
1387295220,1
1387296660,1
1387297860,1
1387300620,1
1387302420,1
1387303920,1
1387304760,1
1387305960,1
1387306200,1
1387307160,1
1387307760,1
1387308180,1
1387308360,1
1387308840,1
1387309740,1
1387309920,1
1387310460,1
1387311360,1
1387311540,1
1387311960,1
1387312560,1
1387313160,1
1387314060,1
1387314660,1
1387315080,1
1387315560,1
1387316160,1
1387318020,1
1387319460,1
1387319760,1
1387320060,1
1387320420,1
1387320720,1
1387320960,1
1387321440,1
1387322160,1
1387323060,1
1387323240,1
1387323480,1
1387324620,1
1387324740,1
1387325520,1
1387328580,1
1387328760,1
1387328820,1
1387330740,1
1387336440,1
1387342140,1
1387368780,1
1387370040,1
1387371960,1
1387373940,1
1387374660,1
1387374900,2
1387375140,1
1387375260,1
1387376280,1
1387376340,1
1387376820,1
1387377300,1
1387377960,1
1387378380,1
1387378800,1
1387380000,1
1387380120,1
1387381260,1
1387382220,1
1387383000,1
1387383240,1
1387384080,1
1387385220,1
1387386120,1
1387386180,1
1387386720,1
1387386900,1
1387388280,1
1387390020,1
1387391940,1
1387392300,1
1387393500,2
1387394400,1
1387398540,1
1387398720,1
1387398780,1
1387398960,1
1387399920,1
1387400520,1
1387402920,1
1387404600,1
1387405560,1
1387407840,2
1387407960,1
1387408380,1
1387408440,1
1387408560,1
1387409760,1
1387410420,1
1387411200,1
1387411500,1
1387411560,1
1387411920,1
1387412460,1
1387412520,1
1387413660,2
1387415340,1
1387415460,1
1387415640,1
1387415820,1
1387416900,1
1387419540,1
1387430220,1
1387435020,1
1387451280,1
1387457820,1
1387461900,1
1387462500,1
1387462800,1
1387462920,1
1387463100,1
1387463460,1
1387463640,1
1387464120,2
1387464780,1
1387467540,1
1387471980,1
1387472160,1
1387472760,1
1387473480,1
1387474260,1
1387474380,1
1387475520,1
1387475640,1
1387476780,1
1387477200,1
1387478700,1
1387479960,1
1387480260,2
1387480680,1
1387481220,1
1387481700,1
1387481820,3
1387482240,1
1387482300,1
1387482360,1
1387482480,1
1387484880,1
1387485300,2
1387485900,1
1387486320,1
1387487160,1
1387488240,1
1387488480,1
1387488720,1
1387488840,1
1387489020,1
1387491540,1
1387492020,1
1387497840,1
1387498140,1
1387498680,1
1387498860,1
1387499340,1
1387499580,2
1387500720,1
1387500840,1
1387500900,1
1387502160,1
1387503300,1
1387504860,1
1387505160,1
1387538220,1
1387539780,1
1387541640,1
1387542840,1
1387543020,1
1387543200,1
1387543560,1
1387545120,1
1387546140,1
1387546800,1
1387547220,1
1387547760,1
1387547880,1
1387548600,1
1387548720,1
1387549260,1
1387549680,1
1387549920,1
1387551600,1
1387552980,2
1387553040,1
1387554000,1
1387554120,1
1387554720,2
1387555260,1
1387555320,1
1387555980,1
1387556220,1
1387557480,1
1387557660,1
1387557720,2
1387558020,1
1387558320,1
1387558500,1
1387558920,2
1387559820,1
1387560120,1
1387560780,1
1387562220,1
1387562520,1
1387562580,1
1387563240,1
1387563300,1
1387563780,1
1387563900,1
1387564260,1
1387564380,1
1387564500,1
1387565520,1
1387565700,1
1387565820,1
1387567320,1
1387567560,1
1387568400,1
1387568460,1
1387568820,1
1387569720,1
1387570440,1
1387571160,1
1387571220,2
1387572240,1
1387573920,1
1387575120,1
1387575360,1
1387576380,1
1387577160,2
1387577640,1
1387577820,1
1387578780,1
1387579320,1
1387579500,1
1387579920,2
1387580880,1
1387580940,1
1387581480,1
1387581720,1
1387581900,1
1387583220,1
1387583880,1
1387585200,2
1387585560,1
1387585800,2
1387585920,1
1387590120,1
1387590480,1
1387590960,1
1387591320,1
1387595400,1
1387600620,1
1387601940,1
1387606320,1
1387611720,1
1387641300,1
1387641540,1
1387641720,1
1387641840,1
1387642080,1
1387642260,1
1387643880,1
1387644420,1
1387645860,1
1387646820,1
1387649220,1
1387649400,1
1387649820,1
1387650720,1
1387651680,1
1387653120,1
1387653960,1
1387656420,1
1387656660,1
1387658160,1
1387661700,2
1387666620,1
1387667520,1
1387669200,1
1387669620,1
1387670820,1
1387671120,1
1387672020,1
1387672380,1
1387673340,1
1387673520,1
1387676220,1
1387676580,1
1387678920,1
1387681500,1
1387685280,1
1387692120,1
1387696620,1
1387696800,1
1387699920,1
1387712820,1
1387714020,1
1387718520,1
1387720140,1
1387725120,1
1387725180,1
1387730220,1
1387730640,1
1387731600,1
1387731660,1
1387731900,1
1387732620,1
1387732860,1
1387734780,1
1387734900,1
1387735020,1
1387735200,1
1387735500,1
1387736700,1
1387737300,1
1387737420,2
1387737480,1
1387737900,1
1387738260,2
1387739220,1
1387740120,1
1387740540,1
1387741020,1
1387743180,1
1387743360,1
1387743780,1
1387744080,1
1387745640,1
1387746720,1
1387747020,1
1387748100,1
1387750080,1
1387753080,1
1387753140,1
1387754220,1
1387757520,1
1387758120,1
1387758720,1
1387758840,1
1387759800,1
1387760220,1
1387760700,1
1387762080,2
1387763400,1
1387763520,1
1387764720,1
1387764840,1
1387766520,1
1387767120,1
1387768860,1
1387773720,1
1387773900,1
1387774080,1
1387776300,1
1387784280,1
1387799160,1
1387805520,1
1387806360,1
1387812840,1
1387817700,1
1387818720,1
1387829820,1
1387830180,1
1387832340,1
1387834200,1
1387836840,1
1387837440,1
1387838040,1
1387838160,1
1387838820,1
1387839120,2
1387839420,1
1387840140,1
1387840620,1
1387840920,1
1387841100,1
1387842840,1
1387844220,1
1387844580,1
1387850580,1
1387851000,1
1387889940,1
1387891740,1
1387891860,1
1387893360,1
1387895340,1
1387895820,1
1387896480,1
1387905240,1
1387906860,1
1387907700,1
1387907760,1
1387909200,1
1387909260,1
1387909920,1
1387910220,1
1387910280,1
1387913520,1
1387914240,1
1387915140,1
1387915320,1
1387916640,1
1387917300,1
1387917780,1
1387920060,1
1387920840,1
1387921800,1
1387921980,1
1387923600,1
1387923840,1
1387924200,1
1387925220,1
1387926600,1
1387926660,1
1387935240,1
1387940220,1
1387941420,1
1387945020,1
1387947120,1
1387948020,1
1387948920,1
1387950120,1
1387951320,1
1387952220,1
1387953120,1
1387954020,1
1387954620,1
1387955760,1
1387955820,1
1387956720,1
1387957920,1
1387958520,1
1387960320,1
1387961220,1
1387961820,1
1387962420,1
1387963020,1
1387963920,1
1387964820,1
1387965720,1
1387966320,1
1387967820,1
1387968420,1
1387969920,1
1387971120,1
1387972320,1
1387973520,1
1387975020,1
1387975920,1
1387976520,1
1387977120,1
1387979820,1
1387981020,1
1387981920,1
1387984320,1
1387987020,3
1387989120,1
1387989720,1
1387991520,1
1387992420,1
1387992720,1
1387993320,1
1387994520,1
1387995120,1
1387995720,1
1387996320,1
1387996920,1
1387998720,1
1387999260,2
1387999320,3
1388000220,1
1388004120,1
1388006220,1
1388006820,1
1388007120,1
1388008020,1
1388009520,1
1388010720,1
1388011920,1
1388013120,1
1388014920,1
1388016120,1
1388017920,1
1388019120,1
1388020020,1
1388021520,1
1388021940,1
1388022720,1
1388023620,1
1388023980,1
1388024220,1
1388024820,1
1388026320,1
1388027220,1
1388027820,1
1388028720,1
1388031720,1
1388032320,1
1388033820,1
1388034420,1
1388035620,1
1388036520,1
1388037120,1
1388037720,1
1388038320,1
1388039220,1
1388041320,1
1388043120,1
1388044320,1
1388045520,1
1388046120,1
1388048220,1
1388049720,1
1388050620,1
1388052720,1
1388054820,1
1388056320,1
1388056920,1
1388057520,1
1388059920,1
1388060520,1
1388061180,1
1388062020,1
1388062920,1
1388064180,1
1388064420,1
1388064900,1
1388066520,1
1388066880,1
1388067000,1
1388067060,2
1388067300,1
1388067420,1
1388068980,1
1388069220,1
1388069520,1
1388070480,1
1388070720,1
1388071800,1
1388071920,1
1388073120,1
1388073180,1
1388074140,1
1388074620,2
1388075220,1
1388076720,1
1388077320,1
1388078160,2
1388078220,1
1388078460,1
1388079120,1
1388079720,1
1388080200,1
1388080620,1
1388081520,1
1388082120,1
1388082540,1
1388083320,1
1388083500,1
1388084460,1
1388084520,1
1388085120,1
1388085780,1
1388086020,1
1388086140,1
1388087220,1
1388087520,1
1388088000,1
1388089020,1
1388090520,1
1388091300,1
1388091420,1
1388092020,1
1388093520,1
1388094120,1
1388094480,1
1388095320,1
1388095920,1
1388096100,1
1388096640,1
1388097720,1
1388098620,1
1388099040,1
1388099820,1
1388100120,1
1388100420,2
1388101080,1
1388101920,1
1388102520,1
1388102880,1
1388103420,1
1388104320,1
1388105220,1
1388106540,1
1388106840,1
1388106900,1
1388107320,1
1388108220,1
1388108340,1
1388109120,1
1388109720,1
1388110620,1
1388112120,1
1388112720,1
1388113320,1
1388113920,1
1388115420,1
1388116620,1
1388118120,1
1388118720,1
1388121120,1
1388122320,1
1388123820,1
1388124720,1
1388125320,1
1388128020,1
1388128920,1
1388131320,1
1388132220,1
1388133120,1
1388134020,1
1388135220,1
1388140620,1
1388142420,2
1388143620,1
1388144820,1
1388145420,1
1388146620,1
1388147460,1
1388147520,1
1388148120,1
1388150520,1
1388151120,1
1388153220,1
1388153340,1
1388155260,1
1388155320,1
1388156820,1
1388157540,1
1388158020,1
1388158920,1
1388159460,1
1388159820,1
1388161020,2
1388161440,1
1388162520,1
1388163060,2
1388163600,1
1388163720,1
1388165040,1
1388166120,1
1388166240,1
1388166780,1
1388166900,1
1388167320,2
1388167560,1
1388167980,1
1388168040,1
1388168940,1
1388169840,1
1388170320,2
1388170620,1
1388171100,1
1388172900,1
1388173260,1
1388173320,1
1388173380,1
1388173740,1
1388174760,2
1388178240,1
1388178480,1
1388181120,1
1388185980,1
1388194920,1
1388202180,1
1388202420,1
1388203620,1
1388205420,1
1388205720,1
1388206620,1
1388206920,1
1388209020,1
1388209920,1
1388210520,2
1388215020,1
1388224920,1
1388227920,1
1388231100,1
1388239020,1
1388239380,1
1388240280,1
1388245260,1
1388246940,1
1388252460,1
1388253660,1
1388254920,1
1388256480,1
1388257500,1
1388259960,2
1388261760,1
1388262720,1
1388263620,1
1388264100,1
1388264160,1
1388265660,1
1388265900,1
1388266620,1
1388268360,1
1388269680,1
1388269740,1
1388269920,1
1388270520,1
1388271300,1
1388275440,1
1388277420,1
1388289480,1
1388320140,1
1388333640,2
1388346420,1
1388371680,1
1388377680,1
1388386440,1
1388406900,1
1388407500,1
1388408280,1
1388408340,1
1388408460,1
1388409540,1
1388410200,1
1388410320,1
1388411100,1
1388411400,2
1388411880,1
1388412420,1
1388412720,1
1388413080,1
1388413680,1
1388413740,1
1388414220,1
1388414280,1
1388414340,2
1388414400,1
1388415000,1
1388609640,1
1388613720,2
1388614020,1
1388617140,1
1388662620,1
1388664780,1
1388664960,1
1388665920,1
1388666460,2
1388668920,1
1388670000,1
1388670960,1
1388671860,1
1388672340,1
1388672880,1
1388680320,1
1388680680,1
1388682000,1
1388688120,1
1388693820,1
1388697060,1
1388698080,1
1388699340,1
1388699640,1
1388700780,1
1388790720,1
1388868000,1
1388868420,1
1388882820,1
1388895060,1
1388938680,2
1388949420,1
1388953260,1
1388956620,1
1388958120,2
1388963160,1
1388964000,2
1388966520,1
1388969760,1
1388971620,1
1388976180,1
1388976960,1
1388977200,1
1388977560,1
1388981520,1
1388985240,1
1388992620,1
1388998020,1
1389010920,1
1389011580,1
1389014760,1
1389016020,1
1389018060,1
1389022200,1
1389024480,1
1389027240,1
1389028920,2
1389029040,1
1389035160,1
1389035520,1
1389035580,1
1389035640,1
1389037620,2
1389038400,1
1389039720,1
1389042600,1
1389045300,1
1389046620,1
1389047820,1
1389047940,1
1389048120,1
1389048180,1
1389048300,1
1389049620,1
1389049740,1
1389049860,1
1389050100,1
1389050220,1
1389051120,1
1389051900,1
1389052800,1
1389052980,1
1389053700,1
1389055200,1
1389055620,1
1389057120,2
1389065880,1
1389093960,1
1389097980,1
1389098400,1
1389103020,1
1389103920,1
1389104820,1
1389106260,1
1389115380,1
1389117120,1
1389118560,1
1389120900,1
1389121620,1
1389122160,1
1389122760,1
1389123360,1
1389123600,1
1389124560,1
1389125220,1
1389125400,1
1389126120,1
1389127980,1
1389130920,1
1389132360,1
1389133260,1
1389133440,1
1389135360,1
1389137340,1
1389142680,1
1389142980,1
1389144000,1
1389145380,2
1389145980,1
1389151260,1
1389172500,1
1389183840,1
1389191100,1
1389191460,1
1389192480,1
1389192660,1
1389193260,1
1389194820,1
1389195180,1
1389200520,1
1389203700,2
1389209280,1
1389211560,1
1389212700,1
1389218340,1
1389218940,1
1389220740,1
1389221100,1
1389221220,1
1389221460,1
1389222240,1
1389222900,1
1389223020,1
1389223080,1
1389224040,1
1389225000,1
1389225540,1
1389227280,1
1389230160,1
1389240900,1
1389265440,1
1389267720,1
1389269760,1
1389270180,1
1389272280,1
1389274380,1
1389274740,1
1389275700,1
1389276180,1
1389277380,1
1389278340,1
1389278700,1
1389278820,1
1389281520,1
1389281640,1
1389282480,1
1389282660,1
1389286020,1
1389289560,1
1389290040,1
1389290160,1
1389295560,1
1389298860,1
1389300240,1
1389301560,1
1389302340,1
1389303120,1
1389306060,1
1389306120,1
1389307860,1
1389309420,1
1389309960,1
1389311460,1
1389312540,1
1389313380,1
1389322200,1
1389323820,2
1389339600,1
1389351900,1
1389354180,1
1389355860,1
1389358740,2
1389361560,1
1389362340,1
1389363780,1
1389364980,1
1389374340,1
1389376140,1
1389377400,1
1389378540,1
1389379800,1
1389381360,1
1389382260,1
1389385140,1
1389389400,1
1389390540,1
1389390840,1
1389390900,1
1389390960,1
1389391080,1
1389391740,1
1389391800,1
1389391860,1
1389392220,1
1389393360,1
1389394140,1
1389394920,1
1389395580,1
1389396060,1
1389396540,1
1389396960,2
1389397800,1
1389399360,2
1389400620,1
1389401640,1
1389402000,1
1389402360,1
1389404760,1
1389405060,1
1389445560,1
1389455760,1
1389460020,2
1389460140,1
1389460320,1
1389463860,1
1389465600,1
1389465720,1
1389467580,1
1389471960,1
1389472500,1
1389473580,1
1389477240,1
1389493260,1
1389500700,1
1389544140,1
1389544620,1
1389546660,1
1389548100,1
1389548160,1
1389553200,1
1389553260,1
1389554160,1
1389556260,1
1389558240,1
1389562200,1
1389563220,1
1389564480,1
1389565500,1
1389567600,1
1389568380,1
1389568680,1
1389570120,1
1389571680,1
1389571920,1
1389572040,1
1389572760,1
1389573420,1
1389577140,1
1389578700,1
1389584040,1
1389589080,1
1389591120,1
1389599340,1
1389613500,1
1389613800,1
1389616260,1
1389617640,1
1389617700,1
1389617760,1
1389619020,1
1389619140,1
1389620100,1
1389620280,1
1389620580,1
1389621000,1
1389621480,1
1389621660,1
1389622200,1
1389623160,1
1389625320,1
1389625440,1
1389625620,1
1389625800,1
1389626880,1
1389627840,1
1389633780,1
1389634020,1
1389635040,1
1389635460,1
1389636540,1
1389638460,1
1389639840,1
1389640260,1
1389642540,1
1389642780,1
1389643920,1
1389644280,1
1389644340,1
1389644700,1
1389644760,2
1389645840,1
1389646860,1
1389648120,1
1389648300,1
1389649020,1
1389649320,1
1389649980,1
1389650280,1
1389650580,1
1389650640,1
1389651660,1
1389651720,1
1389651780,1
1389651840,2
1389652020,1
1389652980,1
1389653040,1
1389653220,2
1389653460,1
1389653580,1
1389653880,1
1389654000,2
1389654420,1
1389654480,1
1389654600,2
1389654660,1
1389655020,1
1389655380,1
1389655680,1
1389655980,1
1389656280,1
1389656400,1
1389656460,2
1389656640,1
1389656940,3
1389657000,1
1389658620,2
1389659280,2
1389662700,1
1389665340,1
1389669480,1
1389669600,1
1389674580,2
1389697560,1
1389700200,1
1389701640,1
1389701700,1
1389706680,1
1389706980,1
1389713580,1
1389721020,1
1389726240,1
1389733080,1
1389739620,1
1389739920,1
1389740340,1
1389740760,1
1389740940,1
1389741060,2
1389741420,1
1389741960,1
1389743340,1
1389745440,1
1389745980,1
1389753540,1
1389786480,1
1389787320,1
1389789180,1
1389789240,1
1389789480,1
1389790140,1
1389792000,1
1389792540,1
1389792900,1
1389793020,1
1389796020,1
1389796140,1
1389796320,1
1389796560,2
1389796920,1
1389796980,1
1389797160,1
1389797220,1
1389797280,1
1389797460,3
1389797520,2
1389797700,1
1389797880,1
1389798540,1
1389798660,1
1389799860,2
1389800340,1
1389801000,2
1389802200,1
1389802920,1
1389804180,1
1389807660,2
1389808320,1
1389808500,1
1389809160,1
1389812100,1
1389812460,1
1389813720,1
1389814260,1
1389814800,1
1389815880,1
1389816240,2
1389816360,2
1389817860,1
1389818280,1
1389818580,1
1389819000,1
1389819540,1
1389820140,1
1389821220,1
1389821340,1
1389822300,1
1389823080,1
1389823500,2
1389823620,2
1389824280,1
1389824580,1
1389824940,1
1389825000,1
1389825720,1
1389826260,2
1389826320,1
1389826620,1
1389826860,1
1389827340,1
1389827640,2
1389829080,1
1389830520,1
1389830700,1
1389830760,1
1389831780,1
1389831960,1
1389832320,1
1389833340,1
1389837240,1
1389837300,1
1389837900,1
1389870960,1
1389873060,1
1389875340,1
1389876540,1
1389876840,1
1389879000,1
1389879420,1
1389880260,1
1389880380,1
1389880440,1
1389881400,1
1389881940,1
1389882540,1
1389882960,1
1389883560,1
1389883680,1
1389883740,1
1389883800,1
1389883920,1
1389886500,1
1389886680,1
1389887760,1
1389887820,1
1389889380,1
1389889620,1
1389890580,1
1389893340,1
1389894120,1
1389897300,2
1389897420,1
1389898680,1
1389899460,1
1389899940,1
1389900300,1
1389900420,2
1389901860,1
1389901920,1
1389903300,1
1389903960,1
1389904200,1
1389904560,1
1389905520,1
1389907380,1
1389908820,1
1389908880,1
1389909060,1
1389909120,1
1389910380,1
1389910620,2
1389911400,1
1389911700,1
1389911760,1
1389912060,1
1389912540,1
1389913020,2
1389913140,1
1389913560,1
1389913680,1
1389914100,1
1389914460,1
1389914520,1
1389915360,1
1389915480,1
1389916020,1
1389916200,1
1389917460,2
1389917580,1
1389918360,1
1389918960,1
1389919260,1
1389919560,1
1389919800,1
1389920040,1
1389920160,1
1389920880,1
1389921000,1
1389922740,1
1389922800,1
1389925260,1
1389925860,1
1389927060,1
1389929280,1
1389931380,2
1389932580,1
1389957840,1
1389959100,1
1389962220,1
1389962880,1
1389964560,1
1389966360,1
1389966540,1
1389967320,1
1389967500,1
1389967740,1
1389967980,1
1389968520,2
1389968640,1
1389968760,1
1389968880,2
1389968940,1
1389972180,1
1389973620,1
1389975300,1
1389975900,1
1389977160,1
1389977520,1
1389977820,1
1389978180,1
1389978660,1
1389979020,1
1389979560,1
1389980760,1
1389980880,1
1389980940,1
1389983580,1
1389984540,1
1389984600,1
1389985260,1
1389985680,1
1389985800,1
1389985920,1
1389987000,1
1389987300,1
1389987600,1
1389987720,1
1389990120,1
1389990180,1
1389990900,1
1389990960,1
1389991500,1
1389992040,1
1389993180,1
1389993240,1
1389993360,1
1389993480,1
1389994440,1
1389994740,1
1389995340,1
1389995640,1
1389995700,1
1389995880,2
1389996600,1
1389996840,1
1389997740,1
1389997860,2
1389997920,1
1389998640,1
1389999000,1
1389999300,2
1390000560,1
1390001580,2
1390002600,1
1390002900,1
1390003020,1
1390003260,1
1390003800,1
1390004220,1
1390005720,1
1390006380,2
1390006680,1
1390007100,1
1390009620,2
1390010220,1
1390013760,1
1390014960,1
1390019640,1
1390020840,1
1390020960,1
1390024680,1
1390025460,1
1390028760,1
1390029960,1
1390039860,1
1390045980,1
1390046400,1
1390054740,1
1390055340,1
1390060200,1
1390062780,1
1390070520,1
1390076760,2
1390082280,1
1390083060,1
1390083720,1
1390084260,1
1390088220,1
1390088460,1
1390089060,1
1390089900,1
1390090020,1
1390091760,1
1390092660,1
1390094160,1
1390094760,1
1390095960,1
1390098660,1
1390099860,1
1390101060,1
1390102560,1
1390104360,1
1390106760,1
1390107660,1
1390108860,1
1390110960,1
1390111860,1
1390112460,1
1390113660,1
1390114860,1
1390115760,1
1390116900,1
1390117260,1
1390118160,1
1390119660,1
1390120560,1
1390121160,1
1390122060,1
1390123560,1
1390124760,1
1390125660,1
1390127460,1
1390128360,1
1390129260,1
1390131060,1
1390133460,1
1390134660,1
1390136160,1
1390137060,1
1390137960,1
1390138560,1
1390139460,1
1390141860,1
1390142460,1
1390143360,1
1390143660,1
1390144560,1
1390145760,1
1390147980,1
1390148160,1
1390152360,1
1390154820,1
1390155900,1
1390156320,1
1390157040,1
1390159440,1
1390161480,1
1390161600,1
1390162680,1
1390168320,1
1390189260,1
1390192260,1
1390193760,1
1390198620,1
1390208160,1
1390216020,1
1390219560,1
1390221660,1
1390224900,1
1390227660,1
1390228380,1
1390228620,1
1390231620,1
1390234380,1
1390235460,1
1390236300,1
1390237320,1
1390237380,1
1390237680,1
1390240320,1
1390244220,1
1390245780,1
1390246500,1
1390246560,1
1390246980,1
1390247220,1
1390247280,1
1390248060,1
1390248660,1
1390249020,1
1390249620,1
1390250880,1
1390251000,1
1390251060,1
1390255560,1
1390255800,1
1390256040,1
1390256160,1
1390256340,1
1390256640,1
1390257000,1
1390257840,1
1390258980,1
1390259700,1
1390260180,1
1390260840,1
1390260900,1
1390261740,1
1390262220,1
1390263060,1
1390263780,1
1390264020,1
1390265340,1
1390266840,1
1390270980,1
1390275180,1
1390302540,1
1390302840,1
1390304580,1
1390307460,1
1390310760,1
1390312080,1
1390312140,1
1390312560,1
1390313460,1
1390314060,1
1390314600,1
1390315860,1
1390316460,1
1390317360,1
1390317960,1
1390318560,1
1390319160,1
1390319820,1
1390321260,1
1390322460,1
1390322940,1
1390324260,1
1390325760,1
1390326660,1
1390327260,1
1390327860,1
1390328460,1
1390329060,1
1390330260,1
1390332960,1
1390333860,1
1390335660,1
1390336260,1
1390337460,1
1390338960,1
1390341960,1
1390343160,1
1390343760,1
1390345260,1
1390346460,1
1390347960,1
1390348560,1
1390349160,1
1390350360,1
1390351560,1
1390352160,1
1390352880,1
1390353060,1
1390353960,1
1390355460,1
1390357560,1
1390358160,1
1390359060,1
1390359960,1
1390362660,1
1390363260,1
1390364460,1
1390365360,1
1390366260,1
1390367460,1
1390368660,1
1390369860,1
1390371360,1
1390371960,1
1390373160,1
1390374360,1
1390375560,1
1390376460,1
1390377060,1
1390377960,1
1390378860,1
1390380660,1
1390381260,1
1390381860,1
1390382760,1
1390383360,1
1390384260,1
1390385160,1
1390386360,1
1390387560,1
1390388460,1
1390391160,1
1390392360,1
1390393260,1
1390394760,1
1390395660,1
1390397160,1
1390398060,2
1390399560,1
1390400460,1
1390401660,1
1390402860,1
1390403460,1
1390405860,1
1390407060,1
1390409760,1
1390410360,1
1390411260,1
1390411860,1
1390414140,1
1390416360,1
1390417560,1
1390418340,1
1390418580,1
1390420560,1
1390422060,1
1390423260,1
1390425660,1
1390427280,1
1390428720,1
1390428900,1
1390432020,1
1390432740,1
1390435440,1
1390442940,1
1390451760,1
1390476780,1
1390481280,1
1390481580,1
1390484760,1
1390485000,1
1390485600,1
1390485660,1
1390486680,1
1390489320,1
1390490040,1
1390491360,1
1390497960,1
1390500000,1
1390505040,1
1390505940,1
1390506960,1
1390508520,1
1390511580,1
1390512780,1
1390513560,1
1390513860,2
1390514760,1
1390515180,1
1390515240,1
1390515720,1
1390515840,1
1390517460,1
1390518000,1
1390518060,1
1390518120,1
1390518840,1
1390520880,1
1390525140,1
1390525860,1
1390533660,1
1390541100,1
1390566900,1
1390566960,1
1392064980,1
1392069660,2
1392070200,1
1392071880,1
1392075000,1
1392075720,1
1392076320,1
1392080460,2
1392081600,1
1392081660,2
1392082560,2
1392084060,3
1392084960,2
1392116880,1
1392125520,1
1392126420,1
1392126720,1
1392128940,1
1392132900,1
1392134760,1
1392139320,1
1392146040,1
1392146220,1
1392150600,1
1392161280,1
1392164340,1
1392165060,1
1392180960,2
1392210060,1
1392212700,1
1392216720,1
1392217380,1
1392218340,1
1392219180,1
1392219660,1
1392221760,1
1392226380,1
1392228420,1
1392228720,1
1392229620,1
1392234540,1
1392237300,1
1392237480,1
1392244740,1
1392246360,1
1392251460,1
1392252660,1
1392256560,1
1392263940,1
1392266940,1
1392314400,1
1392317820,1
1392389460,1
1392407400,1
1392412200,1
1392414000,1
1392416640,1
1392417720,1
1392417960,1
1392418560,1
1392421800,1
1392423840,1
1392477660,1
1392482160,1
1392493500,1
1392515220,1
1392517980,1
1392567600,2
1392579000,1
1392592200,1
1392592560,1
1392600360,1
1392600960,1
1392602460,1
1392603060,1
1392603660,1
1392604260,1
1392606060,1
1392607260,1
1392609360,1
1392610560,1
1392612360,1
1392612960,1
1392614760,1
1392617160,1
1392618660,1
1392619860,1
1392620460,1
1392621660,1
1392623760,1
1392624360,1
1392624960,1
1392626760,1
1392628560,1
1392630360,1
1392631260,1
1392646260,1
1392647460,1
1392648060,1
1392649260,1
1392650160,1
1392650760,1
1392651660,1
1392655260,2
1392657960,1
1392659160,1
1392675840,1
1392730680,1
1392732360,1
1392743040,1
1392751080,1
1392751740,1
1392756480,1
1392758220,1
1392759780,1
1392763620,1
1392764340,1
1392764400,1
1392766680,1
1392767280,1
1392814200,1
1392816900,1
1392818640,1
1392820020,1
1392820260,1
1392821640,1
1392824760,1
1392825420,1
1392826080,1
1392826560,1
1392835920,1
1392839760,1
1392843480,1
1392854880,1
1392857400,1
1392857520,1
1392858540,1
1392871620,1
1392874560,1
1392878820,1
1392896580,1
1392899820,1
1392899940,1
1392902760,1
1392904020,1
1392906480,1
1392906600,1
1392906720,1
1392907620,1
1392907980,1
1392908400,1
1392909660,1
1392909780,1
1392917400,1
1392919320,1
1392920280,1
1392920700,1
1392921480,1
1392924000,1
1392924600,1
1392925020,1
1392925260,1
1392927060,1
1392928920,1
1392930480,1
1392931140,1
1392931560,1
1392937200,1
1392937680,1
1392938400,1
1392940140,1
1392940920,1
1392941640,1
1392944940,1
1392946920,1
1392951120,1
1392982260,1
1392986100,1
1392992040,1
1392992400,1
1392992880,1
1392997380,1
1392997740,1
1393003320,1
1393005240,1
1393007280,1
1393008300,1
1393008960,1
1393009320,1
1393011960,1
1393012020,1
1393015260,1
1393015920,1
1393016580,1
1393017720,1
1393019520,1
1393019820,1
1393019880,1
1393025580,1
1393033620,1
1393051860,1
1393054860,1
1393057860,1
1393059120,1
1393061760,1
1393063860,1
1393065660,1
1393067760,1
1393068960,1
1393076760,1
1393081260,1
1393081860,1
1393082460,1
1393083960,1
1393084620,2
1393085160,1
1393086480,1
1393089120,2
1393092360,1
1393093080,1
1393094100,1
1393096260,1
1393098540,1
1393099140,1
1393099680,1
1393106460,1
1393114620,1
1393117560,1
1393117860,1
1393134900,1
1393134960,1
1393167600,2
1393173180,1
1393177140,1
1393179420,1
1393181220,1
1393183320,1
1393184940,1
1393185900,1
1393186200,1
1393186560,1
1393192080,1
1393192860,1
1393193760,1
1393195200,1
1393196520,1
1393196580,1
1393215120,1
1393220280,1
1393242060,1
1393245300,1
1393246140,1
1393247460,1
1393247880,1
1393248240,1
1393249980,1
1393250700,1
1393251120,1
1393252500,1
1393252920,1
1393253880,1
1393254060,1
1393254480,1
1393254600,2
1393256340,1
1393256400,1
1393257180,1
1393257660,3
1393257720,1
1393261620,1
1393262820,1
1393264380,1
1393265280,1
1393265340,1
1393266480,1
1393268220,1
1393270920,1
1393271040,1
1393274640,1
1393276920,1
1393277220,1
1393277520,1
1393278600,1
1393281780,1
1393283400,1
1393285440,1
1393285620,1
1393287240,1
1393297620,1
1393329660,1
1393333320,1
1393333740,1
1393334160,1
1393334760,1
1393334940,1
1393335240,1
1393336680,1
1393336920,1
1393337940,1
1393338660,1
1393338780,1
1393339320,1
1393339560,1
1393339740,1
1393340520,1
1393340580,1
1393344120,1
1393348860,1
1393349460,1
1393350000,1
1393350060,1
1393352760,1
1393352940,1
1393357200,1
1393357980,1
1393358700,1
1393359360,1
1393359660,1
1393361700,1
1393364040,1
1393365000,1
1393365420,1
1393366380,1
1393367820,1
1393368780,1
1393369020,1
1393369740,1
1393371480,1
1393372320,1
1393382760,1
1393383240,1
1393414800,1
1393417320,1
1393418940,1
1393419300,1
1393419960,1
1393422300,1
1393422900,1
1393422960,1
1393425000,1
1393426380,1
1393426440,1
1393426620,1
1393427160,1
1393427760,1
1393433400,1
1393435560,1
1393439820,1
1393443300,1
1393446240,1
1393449480,1
1393450740,1
1393453740,1
1393455120,1
1393456800,1
1393464060,1
1393465080,1
1393475340,2
1393476240,1
1393478100,1
1393486560,1
1393501380,1
1393504860,1
1393505100,1
1393506540,1
1393507980,1
1393508160,1
1393511220,1
1393512060,1
1393512420,1
1393512960,1
1393513320,1
1393515120,1
1393519500,1
1393521960,1
1393523640,1
1393524420,1
1393525860,1
1393525920,1
1393526640,1
1393526880,1
1393528560,1
1393529460,1
1393529520,1
1393529820,1
1393530000,1
1393537680,1
1393538760,1
1393540260,1
1393541100,1
1393541460,1
1393542960,1
1393543560,1
1393543800,1
1393544100,1
1393544160,1
1393544220,2
1393544820,1
1393544880,1
1393546680,1
1393554060,1
1393554960,1
1393555560,1
1393556760,1
1393558260,1
1393559160,1
1393560060,1
1393561260,1
1393562460,1
1393563060,1
1393563660,1
1393564860,1
1393566060,1
1393566660,1
1393566960,1
1393568460,1
1393571160,1
1393572060,1
1393572660,1
1393573560,1
1393574460,1
1393575960,1
1393578060,1
1393580460,1
1393581480,1
1393581960,1
1393583760,1
1393584660,1
1393587060,1
1393588560,1
1393589340,1
1393591800,1
1393592160,1
1393592760,1
1393593060,1
1393596300,1
1393597200,2
1393597260,1
1393598760,1
1393599360,1
1393599780,1
1393600260,1
1393600860,1
1393601760,1
1393601820,1
1393602660,2
1393605060,1
1393606260,1
1393607400,1
1393607760,1
1393608360,2
1393610340,1
1393611600,1
1393613160,1
1393614840,1
1393615800,1
1393616580,1
1393617060,1
1393617960,1
1393618560,1
1393618980,1
1393620480,1
1393620660,1
1393621560,1
1393622460,1
1393623060,1
1393624800,1
1393624860,1
1393626060,1
1393627200,1
1393628460,1
1393629000,1
1393630380,1
1393630680,1
1393632420,1
1393632780,1
1393632960,1
1393634580,1
1393684860,2
1393687920,1
1393688040,1
1393692180,1
1393697280,2
1393699860,1
1393700220,1
1393701180,1
1393704600,1
1393704660,1
1393705140,1
1393706160,1
1393706340,1
1393707960,1
1393708560,1
1393710660,1
1393712460,1
1393713960,1
1393715160,2
1393715340,1
1393715520,1
1393715760,1
1393715880,2
1393716180,1
1393716300,1
1393716480,1
1393716540,1
1393716660,1
1393720740,1
1393726860,1
1393726920,1
1393734840,1
1393740060,2
1393742760,1
1393743360,1
1393743960,1
1393745160,1
1393746060,1
1393746660,1
1393747860,1
1393748460,1
1393749360,1
1393749960,1
1393751160,1
1393752960,2
1393753560,1
1393756260,1
1393756860,1
1393758660,1
1393759260,1
1393760460,1
1393760760,1
1393761960,1
1393763160,1
1393763460,1
1393764360,1
1393764660,1
1393765260,1
1393767060,1
1393767660,1
1393769160,1
1393769760,3
1393770420,1
1393771560,1
1393772160,1
1393773060,2
1393774260,1
1393774560,1
1393775160,1
1393775700,1
1393776360,2
1393777260,1
1393777560,1
1393778460,1
1393779060,1
1393779840,1
1393779900,1
1393780380,1
1393780860,1
1393781100,1
1393781460,1
1393782660,1
1393783260,1
1393786080,1
1393786560,1
1393787460,1
1393788360,1
1393789260,1
1393789440,1
1393790160,1
1393790280,2
1393791060,1
1393791180,1
1393791660,1
1393792260,4
1393792380,1
1393792620,2
1393792740,2
1393793040,1
1393793220,1
1393793940,1
1393794060,1
1393794540,1
1393794660,1
1393794720,1
1393795080,3
1393796580,1
1393797360,2
1393798260,2
1393798560,1
1393799340,1
1393800660,1
1393801860,1
1393803660,1
1393804860,1
1393805760,1
1393806360,2
1393807260,1
1393808460,1
1393809300,1
1393809360,1
1393809660,1
1393810860,1
1393811160,1
1393812060,1
1393812960,1
1393814760,2
1393815660,1
1393816560,1
1393817760,1
1393818360,1
1393819260,1
1393819560,1
1393820280,1
1393820760,1
1393821660,1
1393822560,1
1393823160,1
1393823760,1
1393824660,2
1393827960,1
1393829460,1
1393831260,1
1393832160,1
1393835460,1
1393836060,1
1393837260,2
1393837560,1
1393838160,1
1393839060,1
1393839420,2
1393839960,1
1393840860,1
1393842960,2
1393843860,1
1393845360,1
1393846080,1
1393847160,2
1393847760,1
1393848660,1
1393848780,1
1393849260,1
1393849560,1
1393851360,2
1393851840,1
1393852560,1
1393853100,1
1393854960,1
1393855560,2
1393857060,1
1393857240,1
1393857660,2
1393858080,1
1393858500,1
1393858860,1
1393859160,1
1393859820,1
1393860060,1
1393861260,2
1393862160,1
1393862220,1
1393862760,1
1393862820,1
1393863060,1
1393865160,1
1393865520,1
1393867560,1
1393869660,1
1393870560,1
1393871460,1
1393872960,2
1393873560,1
1393873860,1
1393874460,1
1393874940,1
1393875060,1
1393875240,1
1393875960,1
1393876260,1
1393876860,1
1393878360,1
1393878540,1
1393878660,1
1393879080,1
1393879500,1
1393879740,1
1393879860,1
1393881000,1
1393881060,1
1393881300,1
1393881660,1
1393882260,1
1393882860,1
1393882980,1
1393883400,1
1393883940,1
1393884060,1
1393884360,1
1393885260,1
1393885380,1
1393885620,1
1393886700,1
1393886760,1
1393887240,1
1393887420,1
1393887780,1
1393887840,1
1393888140,1
1393888560,1
1393888800,3
1393888860,1
1393889700,1
1393890660,1
1393891860,1
1393892040,1
1393893060,1
1393894560,1
1393894680,1
1393895160,1
1393895400,1
1393895700,1
1393895820,1
1393896660,1
1393897020,1
1393897260,1
1393897500,1
1393899060,1
1393899660,1
1393900500,1
1393901160,1
1393901520,1
1393902000,1
1393902660,1
1393903260,1
1393904460,1
1393905660,1
1393908960,1
1393910160,1
1393911660,1
1393914060,1
1393916460,1
1393917360,1
1393918860,1
1393920060,1
1393921860,1
1393923360,1
1393923960,1
1393926960,1
1393927860,1
1393929360,1
1393931160,1
1393931760,1
1393932000,1
1393932360,1
1393933260,1
1393934160,1
1393935660,1
1393937040,1
1393937760,1
1393938660,1
1393939860,1
1393939920,1
1393940460,1
1393941780,1
1393943760,1
1393947840,1
1393948620,1
1393949760,1
1393951260,1
1393953000,1
1393953300,1
1393953960,1
1393954560,1
1393955520,1
1393956540,1
1393956900,1
1393957980,1
1393959060,1
1393962060,1
1393962240,1
1393962960,1
1393963140,1
1393965720,1
1393967460,1
1393967520,1
1393967940,1
1393968060,1
1393969860,1
1393971240,1
1393972560,1
1393972800,1
1393973820,1
1393975800,1
1393976220,1
1393976820,1
1393983300,1
1393986840,1
1394012460,1
1394019960,1
1394023440,1
1394024820,1
1394025300,2
1394026740,1
1394028660,1
1394029020,1
1394029920,1
1394029980,1
1394030580,1
1394032260,1
1394033520,1
1394033640,1
1394035740,1
1394038680,1
1394039100,1
1394039700,1
1394042340,1
1394042520,1
1394043060,1
1394044260,1
1394045520,1
1394048280,1
1394048340,1
1394049960,1
1394050800,1
1394056560,1
1394057340,1
1394057880,1
1394058540,1
1394058900,1
1394059080,1
1394065440,1
1394068560,1
1394073060,1
1394074380,1
1394078820,1
1394081160,1
1394104020,1
1394109960,1
1394112240,1
1394112600,1
1394112660,1
1394113200,1
1394116620,1
1394116740,2
1394117640,1
1394117760,1
1394120820,1
1394121000,1
1394121360,1
1394122320,1
1394122860,1
1394123040,1
1394130840,1
1394136300,1
1394138280,1
1394141400,1
1394141760,1
1394146680,1
1394148240,1
1394150940,1
1394153520,1
1394153580,2
1394154120,2
1394154300,1
1394154600,1
1394154900,1
1394155140,1
1394156220,1
1394156520,2
1394157120,1
1394157720,1
1394159820,1
1394160420,1
1394161620,1
1394162220,1
1394163420,1
1394164920,1
1394165820,1
1394167620,1
1394168520,1
1394169420,1
1394171340,1
1394171520,1
1394172120,1
1394174520,1
1394175720,1
1394179620,1
1394180520,1
1394181420,1
1394182020,1
1394182620,1
1394184420,1
1394185020,1
1394188620,1
1394190720,1
1394191320,1
1394191920,1
1394192460,1
1394192820,1
1394193420,1
1394194320,1
1394194920,1
1394196420,1
1394197020,2
1394197140,1
1394197380,1
1394197620,1
1394198220,1
1394198640,2
1394198940,1
1394199300,1
1394199480,1
1394199600,1
1394199960,1
1394200020,1
1394200680,1
1394201220,1
1394201340,1
1394202660,1
1394202720,2
1394203020,1
1394203260,1
1394204220,1
1394204400,2
1394205480,1
1394206620,1
1394207460,1
1394207820,1
1394208120,1
1394209620,1
1394210220,1
1394210340,1
1394210520,1
1394211720,1
1394211900,1
1394212140,1
1394212320,1
1394212860,2
1394212980,1
1394213280,1
1394213640,1
1394213880,1
1394213940,1
1394214120,1
1394214420,1
1394215620,1
1394215740,1
1394216520,1
1394216760,1
1394217480,1
1394217540,1
1394217780,1
1394219220,1
1394220240,1
1394221500,1
1394221860,1
1394222940,1
1394223180,1
1394224620,1
1394226120,1
1394226660,1
1394228100,1
1394229300,1
1394231700,1
1394233620,1
1394236920,1
1394236980,1
1394237940,1
1394238000,1
1394238120,1
1394238720,2
1394238900,1
1394239020,1
1394239560,1
1394239620,2
1394240220,1
1394240700,1
1394240820,2
1394241420,1
1394242800,1
1394242920,1
1394243220,1
1394244720,1
1394245860,1
1394247420,1
1394249280,1
1394250960,1
1394251860,1
1394254020,1
1394255520,1
1394257320,1
1394258820,1
1394259360,1
1394259960,1
1394260620,1
1394262060,1
1394264220,1
1394264820,1
1394266620,1
1394268420,1
1394270520,1
1394272260,1
1394273220,1
1394273820,1
1394276160,1
1394277120,1
1394277360,1
1394278800,1
1394278860,2
1394279040,1
1394279940,1
1394280720,1
1394281620,1
1394282520,1
1394283420,1
1394284020,1
1394286180,1
1394288220,1
1394289120,1
1394289480,1
1394289780,1
1394290020,1
1394290740,1
1394291520,1
1394292660,1
1394293860,1
1394295660,1
1394297940,1
1394298120,2
1394299380,2
1394301360,1
1394301960,1
1394302500,1
1394302560,1
1394303520,1
1394303940,1
1394304660,2
1394305320,1
1394306520,1
1394307480,1
1394307600,1
1394307720,1
1394308560,1
1394309040,1
1394309160,1
1394309880,1
1394310180,1
1394310420,1
1394310960,1
1394311080,1
1394311860,1
1394312700,1
1394312760,1
1394313540,1
1394313660,1
1394314320,1
1394315040,1
1394315220,2
1394316060,1
1394316420,1
1394317620,1
1394318220,1
1394318520,1
1394319720,1
1394320260,1
1394320800,1
1394321520,1
1394322060,1
1394322840,1
1394323320,1
1394323380,1
1394324220,2
1394324880,1
1394326200,1
1394326560,2
1394327220,1
1394328420,1
1394330100,2
1394331120,1
1394331180,1
1394332860,1
1394334360,1
1394334900,1
1394334960,1
1394339760,1
1394340360,1
1394341320,1
1394341500,1
1394343120,2
1394345820,1
1394346360,1
1394346960,1
1394348160,1
1394349060,1
1394351160,1
1394351760,1
1394353020,1
1394354760,1
1394355960,1
1394357460,1
1394360460,1
1394361660,1
1394362860,1
1394363520,1
1394365020,1
1394366160,1
1394367960,1
1394369520,1
1394370420,1
1394372760,1
1394373660,1
1394374320,1
1394380560,1
1394384160,1
1394386560,1
1394389140,1
1394389740,1
1394389860,1
1394391420,2
1394393040,1
1394394420,1
1394395200,1
1394395560,1
1394395620,1
1394396460,1
1394397060,1
1394397720,1
1394397780,1
1394397960,1
1394399160,1
1394399640,1
1394400900,1
1394401800,1
1394401860,1
1394402280,2
1394403000,2
1394403960,1
1394404860,1
1394405760,1
1394407920,1
1394409960,1
1394410560,1
1394412480,1
1394417100,1
1394417160,1
1394421000,1
1394421180,1
1394425560,1
1394449860,1
1394450040,1
1394450280,1
1394451060,1
1394451420,1
1394453340,1
1394454120,1
1394455800,2
1394456160,1
1394456340,1
1394457900,1
1394457960,1
1394458140,1
1394464680,3
1394464800,1
1394467200,1
1394469060,2
1394470020,1
1394470200,1
1394471100,1
1394471280,1
1394472420,1
1394473380,1
1394475240,1
1394475540,1
1394476200,1
1394480160,1
1394480220,1
1394480280,1
1394483220,1
1394483460,1
1394483760,1
1394484420,1
1394484780,1
1394485860,2
1394485980,1
1394486760,1
1394487480,1
1394487660,1
1394487960,1
1394488440,1
1394488560,1
1394488860,3
1394489280,1
1394489400,1
1394490660,1
1394491800,1
1394492340,1
1394492880,1
1394493360,1
1394498280,1
1394499240,1
1394536380,1
1394537520,1
1394538360,1
1394539320,1
1394539380,1
1394539920,1
1394540220,1
1394540280,1
1394540880,1
1394541060,1
1394541180,1
1394541540,1
1394542380,1
1394543520,1
1394543880,1
1394544060,1
1394544360,2
1394544420,1
1394544720,1
1394544780,1
1394544840,1
1394544900,1
1394544960,1
1394545080,1
1394545440,1
1394546040,1
1394546160,1
1394546280,1
1394546400,1
1394546460,1
1394546640,1
1394546820,1
1394553060,1
1394555040,2
1394555160,1
1394559240,1
1394562660,1
1394563980,1
1394564340,1
1394566980,1
1394570160,1
1394570220,1
1394571480,1
1394571900,1
1394572200,1
1394572800,1
1394574540,1
1394574900,1
1394575260,1
1394575920,1
1394577360,1
1394577900,1
1394578980,1
1394579460,1
1394579580,1
1394583960,1
1394585400,1
1394589060,1
1394598180,1
1394598360,1
1394605920,1
1394606160,1
1394618700,1
1394619780,1
1394620200,1
1394623680,1
1394623920,1
1394624040,1
1394624580,1
1394627100,1
1394628420,1
1394628600,2
1394629140,1
1394629380,1
1394630160,1
1394630520,1
1394630880,1
1394631000,3
1394631420,1
1394631660,1
1394632440,1
1394637120,1
1394637840,1
1394640300,1
1394640360,1
1394640540,2
1394641080,1
1394641620,1
1394641980,1
1394642340,1
1394642820,1
1394643540,1
1394644260,1
1394644980,1
1394645160,1
1394646540,1
1394646900,1
1394648580,1
1394649480,1
1394651100,1
1394654460,1
1394655780,2
1394656140,1
1394658360,1
1394666940,1
1394673420,1
1394684160,1
1394705160,1
1394710680,2
1394714460,1
1394716380,1
1394716800,1
1394717400,1
1394718180,1
1394721180,1
1394723280,1
1394723400,1
1394723760,1
1394725260,1
1394727360,1
1394727480,1
1394727960,1
1394728860,1
1394729880,2
1394731980,1
1394732280,1
1394737380,1
1394737500,1
1394737860,1
1394738640,1
1394739600,1
1394740620,1
1394740920,1
1394746680,1
1394748360,1
1394748420,1
1394748900,1
1394750040,1
1394752080,1
1394759100,1
1394759880,1
1394759940,1
1394761440,1
1394761740,1
1394762940,1
1394763540,2
1394764140,1
1394764920,1
1394765040,1
1394765820,3
1394765880,8
1394765940,7
1394766000,2
1394766480,4
1394766540,3
1394789640,1
1394798100,1
1394799180,1
1394799660,1
1394800260,1
1394800320,1
1394800800,1
1394801160,1
1394801220,1
1394801580,1
1394802120,1
1394802540,1
1394803020,1
1394803080,1
1394803380,1
1394804340,1
1394806200,1
1394808840,1
1394808900,1
1394810400,1
1394812260,1
1394813640,1
1394815680,1
1394817420,1
1394817960,1
1394818260,1
1394818620,1
1394818980,1
1394819280,1
1394819340,1
1394819820,1
1394820360,1
1394820660,1
1394821020,1
1394821200,1
1394823060,1
1394823480,1
1394824200,1
1394824260,1
1394825040,1
1394825880,1
1394826420,1
1394827200,1
1394828160,1
1394828640,1
1394829000,1
1394829240,1
1394829420,1
1394830140,1
1394831340,1
1394831760,1
1394832420,1
1394832960,1
1394833200,1
1394834160,1
1394834220,2
1394834640,1
1394835300,1
1394836200,1
1394836320,1
1394836500,1
1394837220,1
1394837640,1
1394837700,2
1394838180,1
1394838240,1
1394838780,1
1394839380,1
1394839680,1
1394840640,1
1394842140,1
1394842200,1
1394842500,1
1394842680,1
1394842920,1
1394843700,1
1394844600,1
1394844660,1
1394845200,1
1394845500,1
1394846700,1
1394846820,1
1394846940,1
1394848860,1
1394850600,1
1394851200,1
1394852700,1
1394854800,1
1394855700,1
1394857200,1
1394860800,1
1394861940,1
1394862600,1
1394863200,1
1394864100,1
1394866200,1
1394867700,1
1394868600,1
1394869140,1
1394870100,1
1394880480,1
1394888640,1
1394893560,1
1394894280,1
1394895240,1
1394895960,1
1394897220,1
1394898000,2
1394900700,1
1394901360,1
1394901480,1
1394905140,2
1394905860,1
1394906460,1
1394908200,1
1394908620,1
1394909040,1
1394911440,2
1394911800,1
1394911860,1
1394912640,1
1394913600,1
1394915160,1
1394917140,1
1394917440,1
1394917680,1
1394921460,2
1394921820,1
1394922060,1
1394922300,1
1394924400,1
1394925300,1
1394925900,1
1394926500,1
1394928600,1
1394928720,1
1394931900,1
1394936400,1
1394937000,1
1394938800,1
1394940900,1
1394944800,1
1394946180,1
1394946600,1
1394947200,1
1394948400,1
1394949240,1
1394949300,1
1394950500,1
1394955000,1
1394955600,1
1394958300,1
1394961600,1
1394962200,1
1394963400,1
1394972400,1
1394973900,1
1394977200,1
1394977800,1
1394981700,1
1394982300,1
1394983080,2
1394983500,1
1394984760,1
1394986140,1
1394986560,1
1394986800,1
1394988780,1
1394992500,1
1394993100,1
1394994900,1
1394995200,1
1394996160,1
1394996460,1
1394997300,1
