datetime,departures
1371158340,1
1371160020,1
1371210300,1
1371212880,1
1371213480,1
1371217680,1
1371220560,1
1371230280,1
1371234120,1
1371238800,1
1371241140,1
1371242880,1
1371250140,1
1371260100,1
1371296820,1
1371315480,2
1371315840,2
1371319260,2
1371320040,1
1371323040,1
1371323400,1
1371326460,1
1371326580,1
1371332700,1
1371334500,1
1371335760,1
1371341520,2
1371341580,1
1371345900,2
1371353280,1
1371353820,2
1371384300,1
1371385500,1
1371389880,1
1371407580,1
1371409800,2
1371409920,1
1371410460,1
1371412440,1
1371413640,1
1371414300,1
1371421620,1
1371421980,2
1371422040,1
1371427380,1
1371439080,2
1371470040,1
1371472800,1
1371474240,1
1371475620,1
1371479700,1
1371482760,1
1371491100,1
1371491340,1
1371498840,1
1371502260,2
1371504180,1
1371520380,2
1371556080,1
1371556200,1
1371558780,1
1371559080,1
1371559140,1
1371561060,1
1371561180,1
1371562860,1
1371570960,2
1371576660,1
1371576840,1
1371576960,1
1371579300,1
1371583020,1
1371583440,1
1371591540,1
1371598680,1
1371609540,1
1371640260,1
1371642540,1
1371645480,1
1371647640,1
1371649020,1
1371662220,1
1371664320,1
1371669600,1
1371672360,1
1371672900,2
1371673380,1
1371673680,2
1371674400,1
1371674700,1
1371675540,1
1371677220,1
1371677340,1
1371677520,2
1371677880,1
1371678480,1
1371678840,1
1371679140,1
1371679860,2
1371679980,1
1371680280,1
1371681120,2
1371683100,1
1371683280,1
1371684240,1
1371685380,1
1371686280,1
1371688320,1
1371704400,1
1371724860,2
1371729000,1
1371731220,1
1371731820,1
1371735780,1
1371737820,1
1371738720,1
1371747480,1
1371747840,1
1371749580,1
1371751920,1
1371760260,2
1371760320,1
1371761100,1
1371764280,1
1371768780,1
1371771300,1
1371772680,2
1371773100,1
1371773580,1
1371775980,1
1371779160,1
1371779820,1
1371783300,1
1371815100,1
1371815340,1
1371815400,1
1371817980,1
1371818580,1
1371819960,1
1371820500,1
1371822480,1
1371826200,1
1371827640,1
1371832920,1
1371834360,1
1371835740,2
1371842460,2
1371846240,1
1371852060,1
1371856200,1
1371856260,1
1371857820,1
1371859440,2
1371862560,2
1371879720,1
1371883440,1
1371900540,2
1371900720,2
1371900780,1
1371900900,2
1371901020,1
1371901080,1
1371901140,1
1371901200,2
1371902580,1
1371903900,1
1371907740,1
1371909900,1
1371911820,1
1371914640,1
1371915420,2
1371916620,1
1371917580,1
1371918900,1
1371921000,1
1371924180,1
1371925320,1
1371925500,2
1371925560,1
1371929760,1
1371931860,3
1371933780,2
1371935100,1
1371936420,1
1371938940,1
1371940140,1
1371941640,1
1371943560,1
1371945600,1
1371956820,2
1371959220,1
1371965220,1
1371985320,1
1371990780,1
1371994980,1
1371995700,1
1372005120,2
1372007280,1
1372008420,1
1372023840,1
1372024560,1
1372026480,2
1372032840,1
1372032900,1
1372033800,1
1372067820,1
1372073280,1
1372074540,1
1372074900,1
1372075440,1
1372076160,1
1372077360,1
1372080120,1
1372088520,1
1372095000,1
1372095060,1
1372100700,1
1372100820,1
1372101420,1
1372110420,1
1372111680,1
1372113000,1
1372115280,1
1372117260,1
1372118880,1
1372123560,1
1372126740,2
1372146840,1
1372153740,1
1372158840,1
1372160760,1
1372160940,2
1372162680,1
1372163460,1
1372164120,1
1372164360,1
1372164600,1
1372164900,1
1372166160,1
1372171740,1
1372175760,1
1372179060,1
1372179480,1
1372180560,1
1372181760,1
1372183020,1
1372184520,1
1372185420,1
1372190280,1
1372192620,1
1372196700,1
1372196820,1
1372201620,1
1372202400,1
1372208160,1
1372208520,1
1372213800,1
1372232820,1
1372240080,1
1372243020,1
1372243080,1
1372245420,1
1372247280,1
1372248600,1
1372248900,1
1372250100,1
1372250580,2
1372251960,1
1372253100,1
1372253280,1
1372254720,1
1372254900,1
1372256880,1
1372260420,1
1372260900,1
1372262700,1
1372263360,1
1372263900,1
1372265340,1
1372266480,1
1372270620,1
1372274100,1
1372277520,1
1372282500,1
1372285500,1
1372285980,2
1372286640,1
1372288800,1
1372292220,1
1372293300,2
1372322580,4
1372322700,3
1372322760,3
1372326420,1
1372330080,1
1372330260,1
1372333680,1
1372337160,1
1372337580,2
1372338000,1
1372338180,1
1372339200,2
1372346160,1
1372360320,1
1372360440,1
1372360860,1
1372361340,1
1372366140,2
1372382040,1
1372391880,1
1372392960,1
1372413960,1
1372420080,1
1372420860,1
1372421340,1
1372421460,1
1372421880,1
1372423500,1
1372423740,1
1372424880,1
1372425540,1
1372440840,1
1372441800,1
1372443180,1
1372447320,1
1372448580,2
1372451220,1
1372451280,1
1372453560,1
1372453800,1
1372456680,1
1372458960,1
1372467240,1
1372472400,1
1372479660,1
1372507920,1
1372514700,1
1372516620,1
1372516680,1
1372517040,1
1372524420,1
1372525080,1
1372526100,1
1372527180,1
1372528200,1
1372537140,3
1372540260,2
1372543380,1
1372547460,1
1372550520,1
1372552680,1
1372554060,1
1372556940,1
1372563300,1
1372581000,1
1372581120,1
1372587000,1
1372590540,1
1372600260,1
1372600320,2
1372600440,1
1372600680,1
1372606380,1
1372607640,1
1372614540,1
1372615080,3
1372616940,1
1372618440,4
1372618860,1
1372620540,1
1372623780,1
1372627620,1
1372634820,1
1372639800,1
1372646160,3
1372651800,1
1372675440,1
1372676160,1
1372679940,1
1372680120,2
1372681080,1
1372682520,1
1372682820,1
1372687020,1
1372695840,1
1372702920,1
1372706760,1
1372706820,1
1372707060,1
1372709760,1
1372719720,1
1372720980,1
1372729920,1
1372734240,1
1372747080,2
1372758420,1
1372762800,1
1372765560,1
1372766040,1
1372766220,2
1372768740,1
1372773720,3
1372780740,1
1372782540,1
1372798260,1
1372800360,1
1372800720,1
1372802280,1
1372805040,1
1372805100,2
1372807500,1
1372807920,1
1372809120,1
1372810020,1
1372810260,1
1372814880,1
1372825260,1
1372844940,1
1372851780,1
1372852200,1
1372854420,1
1372856880,1
1372857000,1
1372857480,1
1372859400,1
1372859460,1
1372860480,1
1372860660,2
1372861920,2
1372863660,1
1372864860,1
1372874220,1
1372879080,1
1372880220,1
1372883100,1
1372883580,1
1372885740,1
1372886040,1
1372886160,1
1372887480,1
1372888020,1
1372890780,1
1372895100,1
1372903200,2
1372903260,1
1372936800,1
1372944120,1
1372944960,1
1372945560,2
1372945680,1
1372945800,1
1372945920,3
1372946160,1
1372946460,1
1372951980,1
1372952880,1
1372954080,1
1372954620,2
1372955700,1
1372959000,3
1372961280,2
1372963020,1
1372966380,1
1372968420,1
1372974420,1
1372977900,2
1372982340,1
1372982820,1
1372982880,1
1372985460,1
1372989540,2
1372993860,2
1372999260,2
1373008020,1
1373021340,1
1373024820,1
1373025420,1
1373027820,1
1373028480,1
1373028840,1
1373031060,1
1373032680,1
1373034060,1
1373039580,1
1373039700,1
1373041020,1
1373041680,1
1373042040,1
1373043900,2
1373046180,1
1373049540,1
1373050920,1
1373054820,1
1373064000,1
1373067480,1
1373071740,1
1373072100,1
1373075460,1
1373080080,1
1373088660,2
1373109540,1
1373112900,1
1373118720,1
1373121600,2
1373123760,1
1373127600,1
1373128740,1
1373140260,1
1373140680,1
1373142900,1
1373143080,1
1373144640,1
1373145420,1
1373147160,1
1373148840,3
1373150520,1
1373151900,1
1373154060,1
1373155860,1
1373159100,2
1373166780,1
1373171580,2
1373173680,1
1373190660,1
1373203860,1
1373205660,2
1373207220,1
1373217300,3
1373223540,1
1373225520,1
1373229600,1
1373229780,1
1373231880,1
1373234340,1
1373236740,1
1373239080,1
1373244840,2
1373276880,1
1373280420,1
1373280900,1
1373284320,1
1373286600,2
1373286720,1
1373287200,1
1373287500,1
1373289660,1
1373290260,2
1373299020,1
1373310180,1
1373312280,1
1373314740,1
1373318160,1
1373319720,1
1373327400,1
1373329080,1
1373331900,1
1373332800,1
1373340300,1
1373341440,1
1373341500,1
1373341680,1
1373341860,1
1373367060,1
1373370780,1
1373370840,1
1373372040,1
1373372340,1
1373372820,1
1373373960,1
1373375280,1
1373380080,1
1373385240,1
1373386980,1
1373387940,1
1373388360,1
1373392500,1
1373392740,2
1373392920,1
1373393460,2
1373395200,1
1373398680,1
1373400300,1
1373403360,1
1373403660,1
1373403960,1
1373404500,1
1373405820,1
1373409660,1
1373412480,1
1373412600,1
1373413860,1
1373414100,1
1373415540,1
1373415720,1
1373420460,1
1373421120,1
1373421720,1
1373421840,1
1373449440,1
1373450880,1
1373453460,1
1373457360,1
1373457840,1
1373459280,1
1373460240,4
1373460600,1
1373463120,6
1373463240,1
1373463300,1
1373464920,3
1373465940,2
1373469000,1
1373473500,1
1373475720,1
1373483400,1
1373483520,1
1373486100,1
1373489820,1
1373490840,1
1373493000,1
1373493600,1
1373501940,1
1373504520,1
1373505720,1
1373506860,1
1373507040,1
1373508540,1
1373539380,1
1373543520,1
1373544060,1
1373544900,1
1373545440,1
1373545500,1
1373545800,1
1373546100,1
1373546460,1
1373547060,1
1373548020,1
1373549280,2
1373552700,1
1373558820,1
1373561760,1
1373566500,1
1373569380,1
1373579400,1
1373584620,1
1373584680,1
1373586660,1
1373623620,1
1373626140,4
1373632440,1
1373632680,1
1373632740,2
1373633580,1
1373634420,1
1373635200,1
1373636820,1
1373637300,1
1373639280,1
1373639520,1
1373640480,1
1373642340,1
1373647080,1
1373650680,1
1373652420,2
1373660700,1
1373665620,1
1373681700,1
1373714580,1
1373716560,1
1373718840,1
1373719620,1
1373719680,1
1373719860,2
1373720340,2
1373720400,2
1373720460,1
1373720580,1
1373720640,1
1373720760,1
1373721000,1
1373721660,1
1373722560,1
1373723640,1
1373724600,1
1373724720,1
1373727960,1
1373732340,1
1373733840,1
1373736240,1
1373736720,2
1373740500,1
1373741400,1
1373741520,1
1373746080,1
1373747880,1
1373751120,1
1373752380,1
1373755320,1
1373755560,1
1373760360,2
1373760480,1
1373761020,1
1373761620,1
1373803920,1
1373806020,1
1373809800,1
1373809920,1
1373813820,1
1373813940,1
1373820120,2
1373821140,1
1373822820,1
1373827080,1
1373827320,1
1373835840,1
1373837400,2
1373837940,2
1373838060,1
1373838420,2
1373838900,1
1373839380,2
1373839680,1
1373840940,1
1373841060,1
1373841420,1
1373842320,1
1373844180,1
1373848380,3
1373850000,1
1373885400,1
1373885580,1
1373889240,1
1373889960,1
1373890440,2
1373890980,1
1373891280,1
1373894220,1
1373908920,1
1373911920,1
1373914680,1
1373915280,1
1373917380,1
1373919780,1
1373922300,1
1373925780,1
1373926680,1
1373928720,2
1373929800,1
1373930760,1
1373931840,1
1373932560,2
1373933580,1
1373935860,1
1373938260,1
1373938500,1
1373939520,1
1373940780,1
1373944560,1
1373946660,1
1373953140,2
1373953320,3
1373953380,2
1373953560,2
1373971020,1
1373971140,1
1373971560,1
1373971980,1
1373975640,1
1373976180,1
1373976360,2
1373977320,2
1373977440,1
1373978520,1
1373979300,1
1373979540,1
1373979840,1
1373980500,1
1373982360,1
1373982840,1
1373987100,1
1373998080,1
1374003480,2
1374004620,1
1374005820,1
1374007080,1
1374007800,1
1374008880,1
1374008940,1
1374009060,1
1374009180,1
1374009360,1
1374010860,1
1374011100,1
1374014220,1
1374014880,1
1374014940,1
1374022200,1
1374024660,1
1374025440,1
1374044460,1
1374058260,1
1374062160,1
1374062220,1
1374062940,1
1374063540,1
1374063840,1
1374064020,1
1374064680,1
1374064740,2
1374064920,1
1374065880,1
1374066000,1
1374066720,3
1374066900,1
1374072900,1
1374073380,1
1374075180,1
1374077040,1
1374078000,1
1374079200,1
1374082860,1
1374083040,1
1374083760,1
1374089100,1
1374091140,1
1374092100,1
1374094200,1
1374094680,1
1374094740,1
1374095580,1
1374095640,1
1374096420,1
1374097260,2
1374100080,1
1374102480,1
1374104280,1
1374104580,1
1374109260,1
1374115680,1
1374133140,1
1374141000,1
1374145020,1
1374145260,2
1374146280,1
1374146340,1
1374147120,1
1374148020,1
1374148200,1
1374148740,2
1374150240,1
1374150600,1
1374151080,1
1374151140,1
1374151680,1
1374153600,1
1374157080,1
1374159360,1
1374162420,1
1374166320,1
1374166560,1
1374167760,1
1374169560,1
1374173220,1
1374175680,2
1374175740,1
1374176520,1
1374178200,1
1374178380,1
1374178740,1
1374178980,1
1374180300,1
1374181500,1
1374186660,1
1374189840,1
1374191400,1
1374191460,2
1374191760,1
1374191880,1
1374194220,1
1374198540,1
1374198720,1
1374199080,1
1374227220,1
1374231900,1
1374234480,1
1374234540,1
1374234660,1
1374234780,1
1374236640,2
1374236760,1
1374237120,1
1374237240,1
1374237840,1
1374239160,1
1374239400,1
1374239640,1
1374239700,1
1374244440,1
1374252660,1
1374257820,1
1374265680,1
1374266580,2
1374267960,1
1374269400,1
1374270300,1
1374270540,1
1374271440,1
1374271500,2
1374271920,1
1374272640,1
1374273600,1
1374277740,1
1374278400,1
1374282180,1
1374295140,1
1374321660,1
1374331140,1
1374333420,1
1374334260,1
1374335880,1
1374337140,1
1374339600,1
1374340860,1
1374342060,1
1374342420,1
1374342660,1
1374343500,1
1374343620,1
1374344820,2
1374346140,1
1374346800,1
1374347580,1
1374348000,1
1374348600,2
1374349500,1
1374352380,2
1374354300,1
1374355680,1
1374356460,1
1374359100,1
1374359220,1
1374364500,1
1374367140,1
1374370860,1
1374376320,1
1374398040,1
1374405600,1
1374413460,2
1374415140,1
1374415320,1
1374417000,1
1374418080,1
1374420660,1
1374423360,1
1374423840,1
1374427680,1
1374428820,1
1374430020,1
1374431280,1
1374435840,1
1374436980,2
1374438420,1
1374439560,1
1374440880,1
1374441120,1
1374441240,1
1374441360,1
1374441420,1
1374449100,1
1374452280,2
1374454560,1
1374460740,1
1374460800,1
1374466080,1
1374482340,1
1374484380,1
1374487980,1
1374494220,1
1374494400,1
1374495660,1
1374495780,1
1374496080,1
1374496320,1
1374502440,1
1374505020,1
1374505980,1
1374506040,1
1374512400,1
1374523200,1
1374523920,1
1374525180,1
1374528660,1
1374529980,1
1374530820,2
1374533220,1
1374534960,1
1374539880,1
1374540120,2
1374540780,1
1374541740,1
1374542580,1
1374546420,1
1374548400,2
1374548580,2
1374571080,1
1374573000,1
1374576960,1
1374580140,1
1374580500,1
1374581160,2
1374581460,1
1374581580,2
1374581880,1
1374582000,1
1374582480,2
1374583500,1
1374583560,1
1374584520,1
1374586980,1
1374594300,1
1374599220,1
1374604860,1
1374608160,1
1374608760,1
1374609120,1
1374609600,1
1374609720,1
1374610620,1
1374612780,2
1374613320,1
1374613620,1
1374615420,1
1374615540,2
1374617160,1
1374618060,1
1374620580,1
1374620880,1
1374624120,1
1374626100,1
1374642060,1
1374655020,1
1374657240,1
1374661560,1
1374663240,1
1374666780,1
1374667920,2
1374668040,1
1374668580,1
1374668940,1
1374669180,1
1374669300,1
1374669360,1
1374669600,2
1374669780,1
1374670560,1
1374671340,1
1374671940,1
1374672780,1
1374674760,1
1374675120,1
1374675360,1
1374675720,1
1374676020,1
1374677280,1
1374685560,1
1374692160,1
1374695160,1
1374697080,1
1374697200,1
1374698760,1
1374699480,1
1374699780,1
1374701940,1
1374702840,1
1374707160,1
1374709680,1
1374712140,1
1374713640,1
1374715980,1
1374716340,1
1374720480,1
1374721980,1
1374722220,2
1374722280,1
1374741660,1
1374747060,1
1374749760,1
1374752520,1
1374754320,3
1374754680,1
1374755340,2
1374755820,1
1374755880,1
1374756300,1
1374756360,2
1374757620,1
1374757740,1
1374757920,1
1374758400,1
1374758520,1
1374759240,1
1374759780,2
1374762540,1
1374764040,1
1374764940,1
1374765120,1
1374765300,1
1374766200,1
1374773760,1
1374778980,1
1374780300,1
1374783720,1
1374784740,1
1374784860,1
1374787740,1
1374787920,1
1374789000,1
1374790560,1
1374795720,1
1374795780,1
1374796740,1
1374797400,1
1374801900,1
1374805080,1
1374807660,2
1374815400,1
1374815520,1
1374833400,1
1374839040,1
1374839760,1
1374840600,2
1374841380,1
1374841560,1
1374842640,1
1374842760,1
1374842820,1
1374842880,1
1374844320,1
1374844440,1
1374844560,1
1374844980,1
1374846900,1
1374848400,1
1374848640,1
1374849720,1
1374850200,1
1374853980,1
1374859620,2
1374863460,1
1374863640,1
1374871920,1
1374873300,1
1374874320,1
1374881940,1
1374882480,2
1374884580,1
1374885720,1
1374886740,1
1374893460,1
1374894000,2
1374895560,1
1374922440,1
1374926460,1
1374931260,1
1374931740,1
1374933480,1
1374933900,2
1374935580,1
1374937980,1
1374938400,1
1374938820,1
1374939180,1
1374939480,1
1374940320,1
1374940440,1
1374942000,1
1374945480,1
1374946140,1
1374950520,1
1374950580,1
1374951480,1
1374951540,1
1374953280,1
1374955620,1
1374956340,1
1374959040,2
1374960000,1
1374961200,1
1374963120,1
1374964440,1
1374964680,1
1374965580,1
1374966000,1
1374966900,1
1374969360,1
1374970740,1
1374970800,1
1374970860,1
1374978000,1
1374980940,2
1374995460,1
1375005660,1
1375012080,1
1375015680,1
1375016400,1
1375018620,1
1375018680,1
1375020480,1
1375021740,1
1375022400,1
1375024440,1
1375024680,1
1375025100,2
1375026840,1
1375029360,1
1375029540,1
1375030020,1
1375031400,1
1375032060,1
1375032420,2
1375032660,1
1375035240,1
1375036200,1
1375036380,2
1375041720,1
1375042860,1
1375044960,1
1375045140,1
1375047600,1
1375047960,1
1375048080,1
1375048920,1
1375050540,1
1375053720,1
1375056780,1
1375095000,1
1375095120,1
1375098600,1
1375098840,1
1375099320,1
1375099860,3
1375101060,1
1375109520,1
1375115340,1
1375121460,1
1375129620,1
1375132200,1
1375132320,1
1375133100,1
1375134000,1
1375135500,1
1375136460,1
1375137960,1
1375138080,1
1375140240,1
1375140540,1
1375142940,2
1375143300,1
1375146660,1
1375147920,1
1375148220,1
1375149960,1
1375165380,1
1375177860,1
1375178040,4
1375178160,4
1375178220,1
1375181280,1
1375181400,2
1375185480,1
1375185600,1
1375185900,1
1375185960,1
1375186020,1
1375186320,2
1375186380,1
1375186680,2
1375186920,1
1375187160,1
1375187460,1
1375187760,2
1375188180,1
1375188600,1
1375189200,1
1375193100,1
1375204500,1
1375208340,1
1375210740,1
1375213020,1
1375213080,1
1375215900,1
1375215960,1
1375216080,1
1375217520,1
1375218420,1
1375218540,1
1375219140,1
1375220400,1
1375221060,1
1375221540,1
1375221780,1
1375222260,1
1375224120,1
1375225860,1
1375228020,1
1375232160,1
1375233660,1
1375233960,1
1375234320,1
1375240680,1
1375243800,2
1375243980,5
1375244160,1
1375244220,1
1375244280,2
1375267680,1
1375268280,1
1375271700,1
1375272600,2
1375273560,1
1375273920,1
1375274100,1
1375274220,1
1375274280,1
1375274460,1
1375274760,1
1375275180,1
1375275600,2
1375275900,1
1375277820,1
1375278660,1
1375280880,1
1375281120,1
1375281960,1
1375282320,1
1375283640,1
1375283760,1
1375284060,1
1375285320,1
1375289880,1
1375291500,1
1375295280,1
1375298100,2
1375299060,1
1375300020,1
1375300260,1
1375301160,1
1375303200,1
1375303320,1
1375304220,2
1375304700,1
1375305720,1
1375306860,1
1375308600,1
1375311720,1
1375311840,1
1375314180,1
1375315440,1
1375316280,1
1375316640,1
1375320600,1
1375342260,4
1375342380,1
1375342680,4
1375342800,1
1375342920,1
1375351860,1
1375357320,1
1375358220,1
1375358400,1
1375358520,1
1375358880,1
1375358940,1
1375359000,2
1375359600,1
1375359720,1
1375359960,1
1375360140,1
1375360380,1
1375360680,1
1375361100,1
1375362060,1
1375363800,1
1375363920,1
1375366980,1
1375378800,1
1375383180,1
1375393080,1
1375397160,1
1375398240,1
1375404000,1
1375440960,1
1375441080,1
1375441800,1
1375444320,1
1375444920,2
1375445040,1
1375445400,1
1375445940,1
1375446300,1
1375446420,1
1375447260,1
1375447800,1
1375466700,1
1375467060,1
1375470960,1
1375471860,1
1375471980,1
1375472040,1
1375473360,1
1375479120,1
1375479600,1
1375481520,1
1375482060,1
1375482660,3
1375482900,1
1375484820,1
1375491060,1
1375493040,2
1375495860,1
1375499640,1
1375501440,1
1375507620,1
1375530480,4
1375530600,2
1375530660,3
1375530720,3
1375530960,1
1375531200,4
1375531320,5
1375532820,1
1375535400,1
1375538700,1
1375539240,1
1375545840,1
1375545960,2
1375548540,1
1375551180,1
1375556280,1
1375560180,1
1375564680,1
1375564920,1
1375565100,1
1375565160,2
1375565460,1
1375565520,1
1375565700,1
1375567500,1
1375567980,1
1375568520,1
1375572180,1
1375572960,1
1375575000,1
1375575600,1
1375576800,1
1375576860,1
1375577340,1
1375579620,1
1375581600,1
1375596840,3
1375614900,1
1375617720,1
1375617840,1
1375621020,1
1375622880,1
1375623000,1
1375623660,1
1375623780,1
1375625100,1
1375625940,1
1375626600,1
1375628100,2
1375628280,1
1375628520,1
1375630620,1
1375632360,1
1375632660,2
1375634520,1
1375636200,1
1375641900,1
1375642260,1
1375642800,1
1375645080,1
1375647360,2
1375649220,1
1375650180,1
1375650600,1
1375651620,1
1375655820,1
1375655940,1
1375656360,1
1375656900,1
1375657860,1
1375657980,1
1375663320,1
1375664400,1
1375665780,1
1375669800,1
1375696320,1
1375703220,1
1375704300,1
1375704900,1
1375704960,2
1375705560,1
1375705620,1
1375705680,1
1375706160,1
1375706640,1
1375706820,1
1375715700,1
1375735680,1
1375735800,1
1375739580,1
1375740360,1
1375741380,1
1375741740,1
1375741980,1
1375742280,1
1375744620,1
1375746420,1
1375746900,1
1375748580,4
1375748700,1
1375748760,1
1375748820,2
1375749480,1
1375750020,1
1375751100,2
1375754160,1
1375754280,1
1375755840,1
1375756380,1
1375757820,1
1375782840,1
1375786920,1
1375789560,1
1375789800,1
1375790280,1
1375791060,2
1375791600,1
1375791720,1
1375792200,2
1375792320,1
1375792440,1
1375792860,1
1375794300,1
1375794720,1
1375795380,1
1375796040,1
1375796340,1
1375797360,1
1375799340,1
1375799760,1
1375801140,1
1375801200,1
1375801980,1
1375803960,1
1375804260,1
1375805400,1
1375805820,1
1375807200,1
1375808640,1
1375810200,1
1375818600,1
1375820040,2
1375820100,1
1375820700,1
1375821660,3
1375822020,1
1375822800,1
1375824300,2
1375824660,1
1375824720,1
1375825500,1
1375827180,1
1375827420,1
1375830000,1
1375830240,1
1375830720,1
1375832460,1
1375835580,2
1375835640,1
1375835820,1
1375869120,1
1375872960,1
1375876440,1
1375876740,1
1375877040,1
1375877220,1
1375877340,1
1375877520,1
1375877640,1
1375878240,1
1375879200,1
1375879500,2
1375879740,1
1375879860,1
1375880700,1
1375881720,1
1375882080,1
1375882740,1
1375884840,1
1375888200,1
1375888440,1
1375888680,1
1375892880,1
1375896240,1
1375897440,1
1375900920,1
1375901700,1
1375909260,1
1375909560,1
1375910280,1
1375910700,1
1375911900,1
1375912800,1
1375915440,3
1375915680,3
1375917180,1
1375918140,1
1375918260,1
1375921440,1
1375923180,1
1375923480,1
1375924620,1
1375925580,1
1375930800,3
1375937220,1
1375959300,1
1375959600,1
1375962420,1
1375962900,1
1375964160,1
1375964220,1
1375964280,2
1375964460,1
1375964700,1
1375965240,1
1375965480,1
1375965540,1
1375965660,2
1375965960,2
1375966800,1
1375967520,1
1375967640,2
1375969680,1
1375972440,1
1375973820,1
1375974480,1
1375974780,1
1375976280,1
1375976460,1
1375978380,1
1375978440,1
1375981680,1
1375984140,1
1375985220,2
1375986120,1
1375990800,1
1375992540,1
1375993020,1
1375995660,2
1375995840,1
1376003580,1
1376007180,1
1376015160,1
1376017500,1
1376043240,1
1376048940,1
1376050140,1
1376050320,1
1376050740,1
1376051580,1
1376051640,1
1376052060,1
1376052360,1
1376052480,2
1376054220,1
1376055300,1
1376059080,1
1376059620,1
1376060520,1
1376060760,1
1376066160,1
1376067000,1
1376067840,1
1376069100,1
1376070540,1
1376072580,1
1376072880,1
1376076600,1
1376077920,1
1376079540,1
1376079780,1
1376079900,1
1376081100,1
1376084340,1
1376086080,1
1376089080,1
1376090940,1
1376104560,1
1376109540,3
1376111460,1
1376126880,1
1376139360,1
1376139720,1
1376144400,1
1376145300,1
1376156400,1
1376161680,1
1376164200,2
1376165820,1
1376168460,1
1376170200,1
1376172000,1
1376172600,1
1376174280,1
1376177880,1
1376180160,1
1376183340,1
1376191320,1
1376215080,1
1376219880,1
1376221620,1
1376228220,1
1376228940,1
1376230200,1
1376235840,1
1376238900,1
1376241060,1
1376241120,1
1376242980,3
1376245680,1
1376246760,1
1376247360,1
1376248080,1
1376248380,1
1376248920,1
1376254980,3
1376256780,2
1376257020,1
1376257980,1
1376258400,1
1376259060,1
1376259540,1
1376265960,2
1376267700,1
1376270580,1
1376274960,1
1376301540,1
1376308740,1
1376309220,1
1376310180,1
1376311080,1
1376311680,1
1376311740,1
1376312880,1
1376313060,1
1376313600,1
1376319120,1
1376326980,1
1376328360,1
1376332260,1
1376332680,2
1376336100,1
1376340660,1
1376341200,1
1376341620,1
1376342880,1
1376343660,1
1376344320,1
1376344980,1
1376345220,1
1376345280,1
1376346540,1
1376348040,1
1376349360,1
1376349960,1
1376350680,1
1376350740,1
1376351280,1
1376352960,1
1376357400,1
1376363880,1
1376378640,1
1376378700,3
1376378880,1
1376378940,1
1376379120,2
1376379300,3
1376379480,2
1376379540,3
1376379600,1
1376379780,2
1376388420,1
1376391420,1
1376392440,1
1376392620,1
1376394360,1
1376396520,1
1376398080,1
1376414700,1
1376415540,1
1376416920,1
1376419860,1
1376421420,1
1376423940,1
1376426220,1
1376426520,1
1376428080,1
1376429040,1
1376429340,1
1376431260,1
1376432400,1
1376433060,1
1376434980,1
1376435160,1
1376435280,1
1376435700,1
1376436480,1
1376439720,4
1376439840,3
1376439900,2
1376440080,1
1376440620,1
1376442420,1
1376442720,1
1376447040,1
1376450880,1
1376465040,1
1376465100,7
1376465220,6
1376473680,1
1376481300,1
1376482500,1
1376483100,1
1376483220,1
1376483640,1
1376484240,1
1376484960,1
1376485140,1
1376485860,1
1376487120,1
1376487540,1
1376489940,1
1376490360,2
1376490720,1
1376492220,1
1376497500,1
1376500740,1
1376501040,1
1376502480,1
1376505360,1
1376508360,1
1376508540,1
1376509080,1
1376510280,2
1376510520,1
1376514780,1
1376516340,1
1376516760,1
1376518080,1
1376519880,1
1376523060,2
1376528340,1
1376530320,1
1376535660,1
1376535720,1
1376542980,4
1376543100,2
1376543220,2
1376543520,4
1376543580,1
1376560560,1
1376562780,1
1376563260,1
1376567580,1
1376568360,2
1376568480,1
1376568780,1
1376569380,1
1376569680,1
1376569980,1
1376570220,1
1376570400,1
1376571660,1
1376571780,1
1376571960,1
1376573520,1
1376576880,1
1376577840,1
1376578560,1
1376579220,1
1376579640,1
1376581680,1
1376583420,1
1376587500,1
1376591520,1
1376596320,1
1376596680,1
1376599380,1
1376600640,1
1376601840,1
1376603100,2
1376603820,1
1376604360,1
1376605500,1
1376607300,1
1376607420,1
1376609520,1
1376609700,1
1376611560,1
1376619720,1
1376629320,1
1376650620,1
1376653380,1
1376654280,1
1376655000,1
1376655540,1
1376655720,1
1376656680,1
1376657040,3
1376657220,1
1376657340,1
1376658420,1
1376659860,1
1376660580,1
1376662020,1
1376664480,1
1376665020,1
1376665860,1
1376666700,1
1376667240,1
1376668680,1
1376670900,1
1376672220,1
1376672460,1
1376676960,1
1376677680,1
1376678640,1
1376682120,2
1376683260,1
1376684160,1
1376685420,1
1376686440,1
1376687220,1
1376687340,1
1376688060,1
1376688300,1
1376690520,1
1376692440,1
1376693640,1
1376694540,1
1376694960,1
1376695080,1
1376696100,1
1376696640,1
1376703720,1
1376705340,1
1376705940,1
1376706060,1
1376707620,1
1376707680,1
1376738220,1
1376738520,10
1376740500,1
1376740800,1
1376742300,1
1376743980,1
1376749320,1
1376749860,2
1376751600,1
1376752620,1
1376753220,1
1376754120,1
1376754360,2
1376754420,1
1376754840,1
1376755020,1
1376756820,1
1376758980,1
1376759340,1
1376759460,1
1376760120,1
1376760600,1
1376761680,1
1376761980,1
1376762340,1
1376764680,1
1376766000,1
1376766540,1
1376767080,1
1376770920,1
1376771580,1
1376771700,1
1376771760,1
1376773200,1
1376773500,1
1376773620,1
1376775180,1
1376776800,1
1376781240,1
1376782680,1
1376783520,1
1376788800,1
1376792760,1
1376795820,1
1376796420,1
1376797980,2
1376803860,1
1376820420,1
1376821980,1
1376824740,1
1376824920,2
1376825040,1
1376827140,1
1376827620,1
1376830440,1
1376831640,1
1376831700,1
1376833680,1
1376835480,1
1376836020,1
1376838240,1
1376838840,1
1376840640,1
1376842980,1
1376847180,1
1376847600,1
1376847720,1
1376850000,2
1376850240,1
1376851620,1
1376856840,2
1376858160,1
1376858340,1
1376859420,1
1376859900,1
1376862060,1
1376865000,1
1376865240,1
1376866080,1
1376871840,1
1376878740,1
1376879160,1
1376903700,8
1376903820,6
1376904300,1
1376905860,1
1376909880,1
1376911440,1
1376913180,1
1376913720,1
1376915340,1
1376916120,1
1376916360,2
1376917500,1
1376917740,1
1376918040,1
1376921520,1
1376929860,1
1376935860,1
1376939160,1
1376942940,1
1376943420,1
1376945640,1
1376946000,1
1376946120,1
1376947560,1
1376951460,1
1376952840,1
1376954700,1
1376958360,1
1376960520,1
1376961720,1
1376962980,1
1376965620,1
1376966280,1
1376966400,1
1376969100,1
1376992320,1
1376994060,1
1376998620,1
1376999100,1
1377000720,1
1377000900,1
1377001500,1
1377001980,1
1377003000,1
1377003960,1
1377004500,1
1377005460,1
1377005820,1
1377006660,1
1377007860,1
1377008760,1
1377009480,1
1377009780,1
1377011460,1
1377011700,1
1377012480,1
1377013560,1
1377014940,2
1377015180,1
1377015360,1
1377016320,1
1377016500,1
1377016620,1
1377017640,1
1377019740,1
1377026880,1
1377027000,1
1377028920,1
1377029880,1
1377030060,1
1377031380,1
1377032520,1
1377034200,1
1377079380,1
1377082200,1
1377086160,1
1377087060,1
1377088200,1
1377088320,1
1377089040,2
1377089820,1
1377090120,1
1377091020,1
1377091260,1
1377093540,1
1377094380,1
1377094500,2
1377095040,1
1377096240,1
1377096720,1
1377097260,1
1377097620,1
1377099960,1
1377100080,1
1377100320,1
1377101580,1
1377104820,1
1377105720,1
1377105900,1
1377109020,1
1377116160,1
1377117240,1
1377117420,1
1377119040,1
1377119280,1
1377119460,1
1377120240,1
1377120420,1
1377122040,1
1377123360,1
1377123660,1
1377125100,1
1377127320,2
1377127440,2
1377129900,1
1377136680,1
1377141780,1
1377169260,1
1377172380,1
1377173040,1
1377174000,1
1377175440,1
1377175500,1
1377175980,1
1377176640,1
1377183180,1
1377185100,1
1377185220,1
1377186720,1
1377188280,1
1377188520,1
1377195120,1
1377199080,1
1377199200,1
1377201360,1
1377205740,1
1377207240,1
1377207780,1
1377208500,1
1377209160,1
1377210960,1
1377211440,1
1377213300,1
1377213420,1
1377214020,1
1377214560,1
1377217560,1
1377219060,1
1377221160,1
1377225900,1
1377225960,1
1377234180,2
1377255180,1
1377255360,2
1377258180,2
1377258240,2
1377258360,4
1377258420,2
1377258840,1
1377261300,1
1377262080,1
1377263520,1
1377263640,1
1377264660,1
1377264900,1
1377264960,1
1377265740,1
1377268020,1
1377269700,1
1377273360,1
1377274440,1
1377274620,1
1377277800,1
1377280140,1
1377284880,1
1377289560,1
1377291720,1
1377293400,1
1377294180,1
1377296640,1
1377300660,1
1377302520,1
1377304380,1
1377305040,1
1377308460,1
1377308880,1
1377315420,1
1377339300,1
1377341040,1
1377342840,1
1377344520,1
1377348660,1
1377348900,1
1377349200,1
1377349260,1
1377350400,1
1377350880,1
1377355920,1
1377356580,1
1377356700,1
1377356760,1
1377356940,1
1377358080,1
1377358200,2
1377359520,1
1377359640,2
1377361500,1
1377361560,1
1377364380,1
1377364620,1
1377366000,1
1377366180,1
1377367620,1
1377367680,1
1377369840,1
1377370320,1
1377370440,1
1377372060,1
1377373080,1
1377374700,1
1377375060,1
1377380100,1
1377382260,1
1377382980,1
1377383280,1
1377384360,1
1377388080,1
1377388560,1
1377391380,1
1377392340,1
1377395220,1
1377395400,1
1377398280,1
1377403020,1
1377410040,1
1377429540,1
1377436980,1
1377437640,2
1377439140,1
1377442020,1
1377444420,1
1377444780,1
1377444900,1
1377445800,1
1377448020,2
1377448560,1
1377450960,1
1377451800,1
1377452820,1
1377454680,1
1377455400,1
1377456360,1
1377456660,1
1377456780,1
1377458700,1
1377466020,1
1377466980,1
1377468660,1
1377468720,1
1377471240,2
1377471720,1
1377473040,1
1377473700,1
1377473880,1
1377484320,1
1377484380,1
1377499080,5
1377499320,6
1377499500,3
1377514500,1
1377515160,1
1377517920,1
1377519240,1
1377519840,1
1377520380,1
1377520800,1
1377521100,1
1377521880,1
1377522960,1
1377523740,1
1377524040,1
1377524400,1
1377525360,1
1377525480,1
1377529860,1
1377530160,1
1377534960,1
1377535200,2
1377535320,2
1377535380,1
1377535560,1
1377536520,1
1377537360,1
1377538860,1
1377539040,1
1377539100,1
1377539880,1
1377540600,1
1377542100,1
1377545400,1
1377545820,1
1377546960,1
1377547140,1
1377549600,1
1377552000,1
1377553260,1
1377553800,1
1377554220,1
1377554280,1
1377554460,1
1377554700,1
1377560340,1
1377563880,1
1377567720,1
1377568560,1
1377570000,2
1377570120,1
1377573060,1
1377575220,1
1377600720,1
1377604860,1
1377606300,1
1377606600,1
1377607140,1
1377607320,1
1377608160,1
1377609120,2
1377610740,1
1377611040,1
1377613680,1
1377614520,1
1377615300,1
1377616860,1
1377620820,1
1377625200,1
1377626100,1
1377626580,1
1377626880,1
1377629880,1
1377630420,1
1377630600,1
1377631740,1
1377632460,1
1377633900,1
1377634620,1
1377636240,1
1377637920,1
1377638880,1
1377639660,1
1377644340,1
1377645000,1
1377646800,1
1377646980,1
1377650580,1
1377653160,1
1377653280,1
1377653880,1
1377654600,1
1377690540,1
1377691980,1
1377692160,1
1377693300,1
1377693420,1
1377693780,1
1377693900,1
1377695520,1
1377695880,1
1377696180,1
1377696420,1
1377697200,1
1377702060,2
1377702300,1
1377702360,1
1377702420,1
1377704400,1
1377705000,1
1377705360,1
1377705720,1
1377706740,2
1377711780,1
1377714840,1
1377714960,1
1377717900,1
1377719100,1
1377721740,1
1377722700,1
1377724860,1
1377725220,1
1377725400,2
1377726300,2
1377726660,1
1377726900,1
1377727080,1
1377727620,1
1377729780,1
1377729900,1
1377730260,1
1377735480,1
1377736200,1
1377737460,1
1377737640,1
1377738060,1
1377739080,1
1377739920,1
1377742680,1
1377747660,1
1377757260,1
1377772080,1
1377773820,1
1377777360,1
1377778320,1
1377779340,1
1377779520,1
1377779940,2
1377780060,2
1377781680,1
1377783240,1
1377783780,1
1377784680,1
1377786060,1
1377786240,1
1377786720,1
1377787320,1
1377788160,3
1377788580,1
1377788760,1
1377791580,1
1377792360,1
1377793500,2
1377793620,2
1377793800,1
1377795180,1
1377796560,1
1377799560,1
1377801060,1
1377801240,1
1377803160,1
1377804060,1
1377806940,1
1377807540,1
1377807600,2
1377808560,1
1377810240,1
1377810660,1
1377811140,1
1377824460,1
1377827640,1
1377830340,2
1377861420,1
1377863760,1
1377864840,1
1377867660,1
1377868140,1
1377868680,1
1377868740,1
1377870660,1
1377870900,1
1377871080,1
1377872280,1
1377872820,1
1377874800,1
1377875760,1
1377876540,1
1377876900,1
1377877680,1
1377881700,1
1377881820,1
1377881940,1
1377882660,1
1377884340,1
1377888540,1
1377888840,1
1377891060,1
1377892320,1
1377895920,1
1377897120,1
1377898560,1
1377898740,1
1377900480,1
1377902520,1
1377904140,1
1377907080,1
1377908520,1
1377908640,1
1377910380,1
1377913020,3
1377914160,1
1377948000,1
1377952320,1
1377958020,1
1377960120,1
1377960840,1
1377961080,1
1377961920,1
1377964080,1
1377966120,2
1377972180,1
1377972420,2
1377974280,1
1377974400,1
1377976080,1
1377978300,1
1377978420,1
1377980520,1
1377981720,1
1377982080,2
1377982200,1
1377984840,1
1377984960,1
1377985320,2
1377985620,1
1377986940,1
1377989640,1
1377989880,1
1377991080,1
1377991140,1
1377993720,1
1377997680,3
1377999300,1
1378004220,1
1378004340,1
1378033920,1
1378034340,1
1378040100,2
1378040520,1
1378043040,1
1378046940,2
1378053420,2
1378053600,1
1378055820,1
1378056120,1
1378056360,1
1378056900,1
1378057380,1
1378058400,1
1378060080,1
1378063980,1
1378064280,2
1378064580,1
1378065480,1
1378066860,1
1378070340,2
1378070880,1
1378071000,1
1378075440,1
1378075620,1
1378076160,1
1378080120,1
1378080240,1
1378080600,1
1378080780,1
1378083480,1
1378087020,1
1378087620,1
1378088160,1
1378096560,1
1378098600,1
1378113900,1
1378125540,1
1378125720,1
1378127880,1
1378129080,1
1378133340,1
1378133820,1
1378135140,2
1378135800,1
1378135980,1
1378136100,1
1378138500,1
1378140120,1
1378140240,1
1378141500,1
1378141740,1
1378142040,1
1378143180,1
1378144260,1
1378153080,1
1378153800,1
1378154040,1
1378155420,1
1378155900,1
1378162140,2
1378163280,1
1378163760,1
1378163880,1
1378164960,1
1378165140,1
1378169880,1
1378173120,1
1378176960,2
1378177080,2
1378178880,1
1378209240,1
1378211400,1
1378211700,1
1378211760,1
1378212000,1
1378212180,1
1378212780,1
1378213680,1
1378214400,1
1378214520,1
1378214820,1
1378214940,1
1378215240,1
1378215720,1
1378218060,2
1378219380,1
1378219620,2
1378220400,1
1378220640,1
1378222920,1
1378226040,1
1378228320,1
1378231860,1
1378232820,1
1378233600,1
1378236900,1
1378238040,1
1378239000,1
1378239540,1
1378239960,1
1378240080,1
1378240740,1
1378241820,1
1378242240,1
1378243920,1
1378246320,1
1378246680,1
1378247760,1
1378248840,1
1378249860,1
1378254540,1
1378258320,1
1378266120,1
1378292220,1
1378295340,1
1378298040,1
1378298340,1
1378298460,1
1378299600,1
1378300200,1
1378300980,1
1378302000,1
1378302420,1
1378302540,1
1378303740,1
1378303860,1
1378304340,1
1378304880,1
1378305060,1
1378305900,1
1378309320,1
1378311000,1
1378311300,1
1378311900,1
1378312560,1
1378312680,1
1378313940,1
1378317780,1
1378320000,1
1378323840,1
1378326480,1
1378327440,1
1378328340,2
1378329000,1
1378329480,1
1378329840,1
1378331700,1
1378332000,1
1378332180,1
1378337820,2
1378338840,1
1378340040,1
1378341540,1
1378346520,1
1378346700,1
1378349040,1
1378349460,1
1378351320,1
1378354020,1
1378377480,1
1378381920,1
1378383900,1
1378384440,1
1378384620,1
1378384920,3
1378386360,1
1378386540,1
1378387020,1
1378387200,2
1378387500,1
1378387680,1
1378387980,1
1378388220,1
1378388400,1
1378388760,2
1378389600,2
1378389660,1
1378391280,1
1378391880,1
1378392960,1
1378393320,1
1378393680,1
1378394160,1
1378395840,1
1378396200,1
1378400580,1
1378401900,1
1378403160,1
1378407540,1
1378410840,1
1378411440,2
1378413960,1
1378414620,1
1378414980,1
1378415700,1
1378417800,1
1378419180,1
1378419840,1
1378420140,1
1378422720,1
1378428360,1
1378429080,1
1378430280,1
1378431360,1
1378432020,2
1378433400,1
1378433640,1
1378435020,1
1378465320,1
1378468080,1
1378469220,1
1378469460,1
1378470360,1
1378470540,1
1378471020,1
1378471440,1
1378472580,1
1378473000,1
1378473060,2
1378474260,2
1378476780,1
1378479300,1
1378481460,1
1378481940,1
1378482060,1
1378482360,1
1378482480,1
1378482840,1
1378483620,1
1378483800,1
1378484220,1
1378484400,1
1378486560,2
1378486740,1
1378488000,1
1378488660,1
1378488780,1
1378489620,1
1378490460,1
1378493940,1
1378496100,1
1378496580,1
1378496940,1
1378498440,1
1378500720,1
1378500780,1
1378500960,2
1378501080,2
1378501920,1
1378503300,1
1378505460,1
1378505880,1
1378506000,1
1378508580,1
1378518660,1
1378519020,1
1378541640,1
1378549920,1
1378550460,1
1378551660,1
1378555380,1
1378557540,1
1378558860,1
1378558980,1
1378561320,1
1378562580,1
1378563660,1
1378568640,2
1378570680,1
1378572180,1
1378572960,1
1378573920,1
1378574520,1
1378574700,1
1378576020,1
1378577160,1
1378577340,1
1378578900,1
1378579560,1
1378579860,2
1378580640,1
1378582020,1
1378583160,1
1378583580,1
1378589100,1
1378589820,1
1378590240,1
1378592940,1
1378593300,1
1378594440,1
1378594620,1
1378597020,1
1378597980,2
1378599000,1
1378599180,1
1378600800,1
1378602600,1
1378603200,1
1378605120,1
1378607460,2
1378612140,1
1378614900,1
1378624920,1
1378625400,1
1378625520,1
1378634220,1
1378634580,1
1378639140,1
1378639980,1
1378641000,1
1378646340,1
1378647600,1
1378647840,3
1378650240,1
1378650360,2
1378650540,2
1378651500,1
1378652220,1
1378652460,1
1378653960,1
1378654020,1
1378655100,1
1378658220,1
1378659360,1
1378659480,1
1378661040,1
1378663620,2
1378664520,1
1378665780,1
1378666680,1
1378667760,1
1378668480,1
1378671360,2
1378671420,1
1378671600,1
1378672380,1
1378672560,1
1378675680,1
1378679040,1
1378679580,1
1378679760,2
1378680060,1
1378680540,1
1378683120,2
1378690320,1
1378690500,1
1378693380,1
1378716660,1
1378724220,1
1378726380,1
1378727100,1
1378727280,1
1378728840,1
1378729560,1
1378729680,1
1378729980,1
1378730520,1
1378730700,1
1378731060,3
1378731180,1
1378731360,2
1378731600,3
1378731960,1
1378732020,1
1378732380,1
1378732620,1
1378733280,1
1378738620,1
1378741260,1
1378743300,1
1378744440,1
1378744620,1
1378745880,1
1378747620,1
1378752120,1
1378752240,1
1378756200,1
1378758600,1
1378759320,1
1378760100,1
1378760520,1
1378761660,1
1378761840,1
1378762260,1
1378763760,1
1378765800,1
1378766280,1
1378767960,1
1378771680,1
1378773900,1
1378774200,1
1378775580,1
1378778220,2
1378779600,1
1378782360,1
1378783080,1
1378800900,1
1378809660,1
1378812540,1
1378813860,1
1378813920,1
1378814160,1
1378815240,1
1378815660,2
1378815900,1
1378816380,1
1378816440,2
1378816500,3
1378817100,2
1378817340,2
1378817700,1
1378817880,1
1378818960,1
1378819320,1
1378819500,2
1378819740,1
1378820220,1
1378820760,1
1378821840,1
1378822200,1
1378825200,1
1378826760,1
1378827960,1
1378830180,1
1378831080,1
1378833540,1
1378833660,1
1378836420,1
1378840680,1
1378842540,1
1378843920,1
1378844880,1
1378845960,1
1378846140,1
1378846320,1
1378847760,1
1378847820,1
1378848060,1
1378848480,1
1378849020,1
1378850820,1
1378855020,1
1378857240,1
1378862040,1
1378866480,1
1378869060,1
1378897020,1
1378897440,1
1378899780,1
1378900440,1
1378902060,2
1378902240,1
1378902480,1
1378902780,1
1378902840,1
1378903020,1
1378903200,1
1378904160,1
1378904340,2
1378904400,1
1378904760,1
1378905240,1
1378906080,1
1378906260,1
1378906620,2
1378907160,1
1378908180,1
1378908360,1
1378908540,1
1378908720,1
1378908840,1
1378909020,1
1378909200,1
1378911180,1
1378915920,1
1378917000,1
1378917960,1
1378918680,1
1378919640,1
1378921680,1
1378922760,1
1378923840,1
1378924020,1
1378925580,1
1378928340,1
1378929180,1
1378931700,1
1378934460,1
1378934820,1
1378935120,1
1378937040,1
1378937760,1
1378940340,2
1378940460,1
1378942620,2
1378942800,1
1378944720,1
1378945560,1
1378945740,1
1378947240,1
1378947360,1
1378947840,1
1378949880,1
1378952880,1
1378953780,1
1378954980,1
1378957380,1
1378957980,1
1378968900,1
1378983540,1
1378986420,1
1378986480,1
1378986900,1
1378988760,1
1378989000,1
1378989180,1
1378989300,1
1378989480,1
1378989720,1
1378989900,1
1378990500,1
1378990740,1
1378990860,2
1378991400,1
1378991700,1
1378991820,1
1378992480,1
1378992840,1
1378993440,1
1378993680,1
1378994400,1
1378994460,1
1378994760,1
1378996740,1
1378997160,1
1378997820,2
1379001600,1
1379002860,1
1379003760,1
1379003940,1
1379005740,1
1379005980,1
1379006880,1
1379007480,1
1379012520,1
1379015400,1
1379016720,1
1379017140,1
1379017320,1
1379018880,1
1379020560,1
1379022360,1
1379023560,1
1379025780,1
1379026020,1
1379027940,1
1379034960,1
1379036700,1
1379039040,1
1379069460,1
1379069580,1
1379069700,1
1379070600,1
1379073180,1
1379074440,2
1379074920,1
1379075520,2
1379075820,1
1379076000,1
1379076300,1
1379076840,1
1379077320,1
1379077560,1
1379077740,1
1379077860,1
1379078280,1
1379079060,1
1379080020,1
1379080320,1
1379080380,1
1379080560,1
1379080680,1
1379080800,1
1379085960,1
1379087460,1
1379089500,1
1379095200,1
1379095620,1
1379096340,1
1379097840,2
1379101800,1
1379102400,1
1379106360,1
1379108580,1
1379108880,1
1379109240,1
1379111040,1
1379111520,1
1379112900,2
1379113320,1
1379113740,1
1379114760,1
1379115660,1
1379117220,1
1379117280,1
1379117400,1
1379117580,2
1379118000,1
1379118300,1
1379121120,1
1379124540,1
1379129700,1
1379135760,1
1379142060,1
1379152260,1
1379158080,1
1379158260,1
1379160600,1
1379163540,1
1379164320,1
1379165400,1
1379166900,1
1379167440,1
1379170620,1
1379170740,1
1379171760,1
1379172240,1
1379172660,1
1379174100,1
1379175420,1
1379175660,1
1379175900,1
1379176080,1
1379176560,1
1379177100,2
1379177280,3
1379179200,1
1379180640,1
1379182320,1
1379182440,1
1379183940,1
1379188560,1
1379190180,1
1379193780,1
1379194740,1
1379196360,1
1379198280,1
1379202300,1
1379202420,1
1379202960,1
1379204580,1
1379210820,1
1379211000,1
1379213820,1
1379214000,2
1379214240,1
1379215860,1
1379217360,1
1379223780,1
1379224980,1
1379239500,1
1379241900,2
1379242020,1
1379245080,1
1379245140,1
1379247480,1
1379249700,1
1379251980,1
1379252520,1
1379253060,2
1379253840,1
1379256120,1
1379256360,1
1379258760,1
1379259720,1
1379259840,1
1379260020,1
1379261220,1
1379266800,1
1379267280,1
1379267880,2
1379269560,1
1379270040,1
1379270160,1
1379272800,1
1379274420,2
1379274600,1
1379276220,1
1379276640,1
1379277120,1
1379277360,1
1379280120,1
1379280480,1
1379280780,1
1379283540,1
1379284140,1
1379286600,1
1379287740,1
1379288520,1
1379294940,1
1379300760,1
1379306220,1
1379331660,1
1379331900,1
1379332320,1
1379332800,1
1379334240,1
1379334420,1
1379335260,1
1379335620,1
1379337000,1
1379337120,1
1379337780,1
1379339100,1
1379339520,1
1379339700,1
1379341080,1
1379342340,1
1379343300,1
1379343720,1
1379343840,1
1379344740,1
1379347140,1
1379347740,1
1379347920,1
1379348820,1
1379350800,1
1379351400,1
1379351880,1
1379352120,1
1379356320,1
1379359080,1
1379359200,1
1379361900,1
1379363820,1
1379364840,1
1379365440,1
1379366880,1
1379367720,2
1379367840,1
1379368500,3
1379369100,1
1379370240,1
1379373900,1
1379375340,1
1379378820,1
1379379360,1
1379380980,1
1379381460,1
1379382120,1
1379383020,1
1379386500,1
1379386920,1
1379387100,1
1379388300,1
1379417820,1
1379418060,1
1379418420,1
1379420340,1
1379421180,1
1379421300,1
1379421360,1
1379421420,2
1379421780,1
1379422440,1
1379422500,1
1379422740,2
1379423280,1
1379423520,1
1379423880,1
1379424180,1
1379424360,1
1379424900,1
1379424960,2
1379425080,1
1379425200,1
1379425320,1
1379438400,1
1379440740,1
1379441340,1
1379442720,1
1379443200,1
1379445720,1
1379446320,1
1379448120,1
1379448540,1
1379451420,1
1379452080,1
1379454180,1
1379454360,2
1379455200,1
1379455620,1
1379455800,1
1379455980,1
1379457540,1
1379457600,1
1379458140,1
1379458200,1
1379458500,1
1379459100,1
1379460240,1
1379460420,1
1379462340,1
1379467320,1
1379467980,1
1379474400,2
1379501760,1
1379503380,1
1379504220,1
1379505180,1
1379505660,1
1379506260,1
1379507280,1
1379507460,1
1379507520,4
1379508000,1
1379508180,2
1379509020,1
1379509200,1
1379509440,1
1379509560,2
1379509800,1
1379509920,1
1379510520,1
1379511060,1
1379511240,1
1379511300,1
1379511360,1
1379512680,1
1379512920,2
1379513580,1
1379529120,1
1379533440,1
1379535180,1
1379535480,1
1379537100,1
1379537580,1
1379539800,1
1379539860,1
1379540100,1
1379540280,1
1379540520,1
1379540760,1
1379542500,1
1379542620,1
1379546820,1
1379548320,1
1379548380,1
1379549340,1
1379549760,1
1379551380,1
1379552040,1
1379557140,1
1379560440,1
1379572740,4
1379572860,13
1379573520,1
1379581860,1
1379588400,1
1379589600,1
1379590380,1
1379590920,1
1379591040,1
1379591640,1
1379592540,1
1379592720,1
1379593080,1
1379593260,1
1379593860,1
1379594160,1
1379595420,1
1379595780,1
1379607300,1
1379607480,1
1379608800,1
1379608980,1
1379609700,1
1379610960,1
1379611560,1
1379614080,1
1379615340,1
1379615700,1
1379616000,1
1379616240,1
1379617260,1
1379619600,1
1379620020,1
1379620740,1
1379621340,1
1379621700,1
1379623380,1
1379623680,1
1379624340,1
1379624760,1
1379624820,1
1379625540,1
1379627400,2
1379627520,2
1379627700,1
1379631060,1
1379631420,1
1379631540,1
1379635560,1
1379636400,3
1379637120,1
1379637300,1
1379638920,1
1379639280,1
1379641320,1
1379669760,2
1379670060,1
1379674980,2
1379675700,1
1379677860,1
1379678040,1
1379679360,1
1379679480,1
1379679540,1
1379680140,2
1379680320,1
1379680560,1
1379680800,1
1379681100,1
1379681520,1
1379681880,1
1379682060,1
1379682600,1
1379683380,1
1379683680,1
1379684280,1
1379685540,1
1379686080,1
1379687520,1
1379688000,1
1379688600,1
1379689860,1
1379690400,1
1379692740,2
1379692920,2
1379693700,1
1379695920,1
1379697780,1
1379697960,1
1379698380,1
1379699100,1
1379699940,1
1379702340,1
1379707500,1
1379708940,1
1379709900,2
1379710200,2
1379710320,1
1379710500,1
1379710740,1
1379710860,1
1379711100,1
1379714100,1
1379715120,1
1379716080,1
1379716860,1
1379719860,1
1379722740,1
1379727720,1
1379756520,1
1379762340,1
1379762520,1
1379762700,1
1379763120,1
1379763540,3
1379763660,10
1379768100,1
1379768940,1
1379771340,1
1379772240,1
1379773260,2
1379776320,3
1379777280,1
1379777520,1
1379779380,1
1379779440,1
1379780100,1
1379781120,1
1379781720,1
1379782560,1
1379783160,1
1379784300,1
1379784420,1
1379785020,1
1379788560,1
1379788620,2
1379789220,1
1379791920,1
1379792160,1
1379795700,1
1379795760,1
1379796540,1
1379797380,1
1379798160,2
1379798400,1
1379798700,1
1379799660,1
1379807100,1
1379808900,1
1379809080,1
1379811780,1
1379812080,1
1379815140,1
1379816760,1
1379817360,1
1379821620,1
1379834460,1
1379849340,1
1379850060,1
1379850300,1
1379850420,1
1379851560,1
1379853120,1
1379854320,1
1379855700,1
1379855880,2
1379856300,1
1379857560,1
1379858940,1
1379859660,1
1379860440,1
1379864040,1
1379865000,1
1379865780,1
1379867340,1
1379870040,1
1379871000,1
1379872920,1
1379873460,1
1379874120,1
1379876880,1
1379877060,1
1379878500,2
1379881500,1
1379881620,1
1379881920,1
1379883660,1
1379885760,1
1379885940,1
1379888700,1
1379889120,1
1379889600,1
1379890200,2
1379891940,1
1379892360,1
1379892780,1
1379893260,1
1379896860,1
1379899080,1
1379925600,1
1379925780,1
1379927580,1
1379934240,1
1379935800,1
1379936280,1
1379936820,1
1379938020,1
1379939160,2
1379939340,1
1379939580,2
1379939880,1
1379940240,1
1379940480,1
1379940780,1
1379941020,2
1379941200,1
1379946600,1
1379948640,1
1379956560,1
1379957880,1
1379958420,1
1379964360,1
1379967060,1
1379969280,1
1379970780,1
1379974560,1
1379974860,1
1379976600,1
1379977980,2
1379978580,1
1379978700,1
1379981880,1
1379983140,1
1379984220,1
1379984340,1
1379985120,1
1379985720,1
1379987460,1
1379992920,1
1380010680,1
1380017640,1
1380020520,1
1380021660,1
1380025320,1
1380025980,2
1380026040,1
1380026280,2
1380026520,1
1380026700,3
1380026880,1
1380027540,1
1380027960,2
1380028140,2
1380029040,2
1380029580,1
1380029640,1
1380029880,2
1380030000,2
1380030060,2
1380030120,1
1380030840,1
1380032280,1
1380032640,1
1380032880,2
1380033360,1
1380035940,1
1380037500,1
1380037680,1
1380041280,1
1380042480,1
1380043920,1
1380044640,1
1380047580,1
1380050940,1
1380052440,1
1380055200,1
1380057420,1
1380057600,1
1380058440,1
1380058860,1
1380059160,1
1380059280,1
1380060240,1
1380061260,1
1380061980,2
1380066540,1
1380068340,1
1380070380,1
1380071880,1
1380072900,1
1380100080,1
1380107880,1
1380109020,1
1380109380,1
1380109800,1
1380110520,1
1380111600,2
1380112020,1
1380112680,1
1380112860,1
1380113160,3
1380113760,2
1380114300,1
1380114420,1
1380114780,1
1380114960,3
1380116220,1
1380116580,1
1380117180,2
1380119400,1
1380119580,1
1380120060,1
1380121260,1
1380126780,1
1380127440,1
1380129720,1
1380133740,1
1380140160,1
1380143160,1
1380143580,1
1380144180,1
1380144360,1
1380144960,3
1380145140,2
1380145200,2
1380145320,1
1380145380,1
1380145500,1
1380145620,2
1380145860,1
1380148620,1
1380149220,1
1380151020,2
1380152940,1
1380153480,2
1380154020,1
1380155400,1
1380186240,1
1380189900,1
1380192780,1
1380192900,1
1380194820,1
1380195780,1
1380196380,1
1380198600,1
1380198900,1
1380199020,1
1380199440,1
1380199500,1
1380199560,2
1380199620,1
1380199740,2
1380199860,1
1380200340,1
1380200520,1
1380200700,1
1380201180,2
1380201360,1
1380202560,2
1380202740,1
1380203100,1
1380204240,1
1380204300,1
1380204480,1
1380208260,1
1380213360,1
1380215340,1
1380215760,1
1380216000,1
1380220260,1
1380222420,1
1380225960,1
1380226200,1
1380227040,1
1380228300,1
1380229380,1
1380229800,1
1380231780,2
1380231900,1
1380232380,1
1380232920,1
1380234240,1
1380235020,1
1380235140,1
1380237060,1
1380237360,1
1380237900,1
1380240180,1
1380240600,1
1380241260,1
1380241440,1
1380242940,1
1380243240,1
1380244740,1
1380248880,1
1380249240,1
1380249900,1
1380250320,1
1380271980,2
1380272100,4
1380272220,4
1380272340,2
1380275340,1
1380277020,1
1380278520,1
1380279600,1
1380280380,1
1380282480,1
1380282960,1
1380283140,1
1380283800,1
1380283980,1
1380284700,1
1380284820,1
1380285480,2
1380285840,2
1380286080,1
1380286320,1
1380286500,1
1380287040,1
1380289080,1
1380289200,1
1380292380,1
1380297780,1
1380298380,1
1380300600,1
1380300900,1
1380302580,1
1380303720,2
1380304980,1
1380305880,1
1380306240,1
1380308160,1
1380308880,1
1380309900,1
1380311940,2
1380312300,1
1380313980,1
1380314340,1
1380314880,1
1380315240,1
1380316620,1
1380316980,1
1380317100,1
1380317520,1
1380318240,1
1380318420,1
1380320160,1
1380321780,1
1380323760,1
1380324480,1
1380324660,1
1380325740,1
1380325920,1
1380326340,1
1380326460,1
1380327300,1
1380333060,1
1380335760,1
1380338520,1
1380341580,1
1380342240,1
1380352620,1
1380367440,1
1380368280,1
1380368400,1
1380370560,1
1380373320,1
1380373860,1
1380374880,1
1380375000,1
1380376140,1
1380376260,3
1380376320,3
1380376440,2
1380376500,1
1380379080,1
1380379440,1
1380380040,1
1380381720,1
1380382500,1
1380385200,1
1380385800,1
1380386340,2
1380386940,1
1380388800,1
1380388860,1
1380389280,1
1380389580,2
1380392700,1
1380397800,1
1380398760,1
1380400980,1
1380402780,1
1380405360,2
1380405900,1
1380407160,1
1380409380,1
1380409860,1
1380410220,1
1380410820,1
1380411180,1
1380412440,1
1380412620,1
1380415200,1
1380417540,1
1380421980,1
1380437460,1
1380452940,1
1380453120,1
1380453180,1
1380453300,1
1380459180,1
1380459540,1
1380460200,1
1380460560,1
1380460980,1
1380461580,1
1380462900,1
1380463440,1
1380463980,1
1380465420,1
1380465600,1
1380466260,1
1380468360,1
1380468480,1
1380468660,1
1380470220,1
1380471900,1
1380474120,1
1380476160,1
1380477180,1
1380479400,1
1380480180,1
1380480900,1
1380481080,1
1380481560,1
1380482520,1
1380482940,1
1380488160,1
1380490380,1
1380490740,1
1380492000,1
1380493620,1
1380498420,1
1380498600,1
1380499260,1
1380502080,1
1380502980,1
1380507960,1
1380508080,1
1380508980,1
1380530100,1
1380538740,1
1380542880,1
1380543420,2
1380543480,1
1380543600,1
1380544200,4
1380544260,1
1380544500,1
1380544680,2
1380545040,1
1380547560,1
1380547800,1
1380552360,1
1380556800,1
1380559140,1
1380560580,1
1380562620,1
1380562860,1
1380563880,1
1380566760,1
1380569700,1
1380570600,1
1380571620,1
1380573000,1
1380573840,1
1380574260,1
1380575460,1
1380575700,1
1380577020,1
1380577200,1
1380577560,1
1380577620,1
1380579900,1
1380581400,1
1380582540,1
1380583620,1
1380583860,1
1380584340,1
1380584520,1
1380584580,1
1380584700,1
1380585540,1
1380587340,1
1380587760,1
1380592500,1
1380597900,1
1380615660,1
1380615780,1
1380623400,1
1380628440,1
1380629100,1
1380629340,1
1380630180,1
1380630480,1
1380630600,1
1380631200,1
1380631560,1
1380631680,1
1380631980,1
1380632100,1
1380632160,1
1380632880,1
1380632940,1
1380633120,1
1380633720,1
1380633780,1
1380633900,1
1380634560,1
1380634800,3
1380635760,1
1380636180,1
1380636420,1
1380636840,1
1380637380,1
1380638160,2
1380638760,1
1380638880,1
1380644580,1
1380645480,1
1380646560,1
1380646680,1
1380650400,1
1380651840,1
1380652680,1
1380653040,1
1380657060,1
1380657660,1
1380659400,1
1380661200,1
1380661380,1
1380661560,2
1380661740,1
1380661860,1
1380661980,1
1380662640,1
1380663300,1
1380664080,1
1380665940,1
1380668160,1
1380669300,1
1380669960,1
1380671400,1
1380671760,1
1380676080,1
1380679860,1
1380684720,1
1380684900,1
1380703080,1
1380709080,1
1380712080,1
1380713760,1
1380714600,1
1380715200,1
1380715260,1
1380716100,1
1380716220,1
1380716460,1
1380716580,1
1380716760,2
1380717000,2
1380717480,1
1380717900,2
1380717960,1
1380718140,1
1380718680,2
1380719100,1
1380719340,1
1380719880,1
1380720000,1
1380720180,1
1380720480,1
1380720780,1
1380721020,1
1380721200,1
1380721320,1
1380722160,1
1380723660,1
1380728460,1
1380730800,1
1380736740,1
1380737340,1
1380738360,1
1380738960,2
1380739260,1
1380739500,1
1380745740,1
1380747180,1
1380747780,1
1380747900,1
1380748260,1
1380748620,1
1380748740,1
1380750540,1
1380756780,1
1380760920,1
1380762660,1
1380763620,1
1380763680,1
1380765000,1
1380765600,1
1380768480,1
1380769800,1
1380770640,1
1380811140,22
1380813840,1
1380820680,1
1380821880,1
1380823080,2
1380824520,2
1380824940,1
1380825000,1
1380825180,1
1380827040,1
1380831780,1
1380832860,1
1380833820,1
1380834000,1
1380834540,1
1380834720,1
1380834780,1
1380836340,1
1380836820,1
1380840720,1
1380840960,1
1380841020,1
1380842340,1
1380842520,1
1380843060,1
1380843360,2
1380845520,1
1380847980,1
1380848400,1
1380856980,1
1380857820,1
1380883740,1
1380883800,1
1380885780,1
1380889200,1
1380889800,2
1380889920,1
1380890100,1
1380890160,2
1380890220,1
1380890400,1
1380890460,1
1380891360,1
1380891600,1
1380892140,1
1380892200,1
1380892320,1
1380892980,1
1380893580,1
1380894000,1
1380894060,1
1380894540,1
1380894600,1
1380895020,1
1380895500,1
1380895680,1
1380895800,1
1380898680,1
1380904680,1
1380907140,1
1380907380,1
1380909660,1
1380910560,1
1380910920,1
1380912000,1
1380915600,1
1380917520,1
1380918060,1
1380918600,1
1380919440,1
1380921000,1
1380921420,1
1380922740,1
1380923400,1
1380925920,1
1380926580,1
1380927120,1
1380927360,1
1380928560,1
1380928800,1
1380930120,1
1380930900,1
1380931920,1
1380937920,1
1380939420,1
1380941220,1
1380941520,1
1380945060,1
1380945480,1
1380948060,1
1380970800,1
1380972060,1
1380973440,1
1380974640,1
1380975900,1
1380978360,1
1380978840,1
1380979320,1
1380979440,1
1380981180,1
1380981540,1
1380981960,1
1380983160,1
1380986820,1
1380987240,1
1380987900,1
1380989640,1
1380989760,1
1380990060,1
1380990780,1
1380991680,1
1380994740,1
1380995580,1
1380996660,1
1380999060,1
1381002600,2
1381004160,2
1381004820,1
1381004940,1
1381005720,1
1381006020,1
1381006440,1
1381007100,2
1381007520,1
1381009800,1
1381011900,1
1381012080,2
1381012440,1
1381014420,1
1381015980,1
1381016100,1
1381016880,1
1381018080,1
1381018380,1
1381022220,1
1381026300,1
1381035780,1
1381051020,1
1381056660,1
1381058760,2
1381058940,1
1381064820,1
1381065060,1
1381065900,1
1381066260,1
1381066800,1
1381071480,1
1381073220,1
1381073940,1
1381075320,1
1381076160,3
1381077120,1
1381077360,1
1381077540,2
1381078020,1
1381082040,1
1381087020,1
1381088760,1
1381088820,1
1381090860,1
1381091460,1
1381092780,1
1381095180,2
1381096560,1
1381099020,1
1381103520,1
1381104540,1
1381104840,1
1381109700,1
1381111140,1
1381112700,1
1381115520,1
1381119420,1
1381119540,2
1381134780,1
1381143060,1
1381143240,1
1381143420,1
1381143600,1
1381144560,1
1381144800,1
1381145820,1
1381145940,1
1381147740,1
1381147800,1
1381148520,1
1381148820,1
1381152180,1
1381172820,1
1381179540,1
1381181640,1
1381183800,1
1381188720,1
1381189320,1
1381193460,1
1381197780,2
1381197960,1
1381199760,1
1381202640,1
1381220820,1
1381229400,1
1381230000,1
1381230900,1
1381231200,1
1381231380,1
1381232220,1
1381232880,1
1381233300,1
1381234200,1
1381234260,1
1381234560,1
1381235220,1
1381235400,1
1381235820,2
1381235940,1
1381236240,1
1381236900,1
1381246080,1
1381246140,1
1381246440,1
1381248000,1
1381257540,1
1381260180,1
1381260360,1
1381263420,1
1381263720,1
1381264380,1
1381265220,1
1381266360,1
1381266600,1
1381267080,1
1381267140,1
1381267500,1
1381267980,1
1381269720,1
1381271160,1
1381271280,1
1381271700,1
1381273020,1
1381273560,1
1381275300,1
1381276980,1
1381277760,1
1381278660,1
1381282260,1
1381284900,1
1381314720,1
1381317540,1
1381318200,1
1381319460,1
1381319520,1
1381320480,1
1381320540,1
1381320720,1
1381321020,1
1381321140,1
1381321680,2
1381321980,1
1381322100,1
1381322220,1
1381322460,1
1381322520,2
1381322640,2
1381323000,1
1381323060,1
1381324080,1
1381324320,1
1381324380,1
1381324440,1
1381324800,2
1381324980,1
1381326300,1
1381328160,1
1381333980,1
1381335480,3
1381337760,1
1381338540,1
1381339500,1
1381339680,1
1381341420,1
1381342500,1
1381342980,1
1381343100,1
1381344000,1
1381352460,1
1381353600,1
1381354020,1
1381354620,1
1381354800,1
1381355400,1
1381359060,1
1381360740,1
1381363560,1
1381363620,2
1381363920,1
1381364280,2
1381365660,1
1381365840,4
1381366680,1
1381371480,1
1381377300,1
1381395420,1
1381403220,1
1381404360,1
1381405620,1
1381405860,1
1381406640,1
1381406700,1
1381408500,1
1381408740,1
1381408800,1
1381409160,1
1381409220,1
1381409340,1
1381409460,1
1381409940,1
1381410060,1
1381410240,1
1381410540,1
1381410900,1
1381411140,1
1381411320,1
1381411440,2
1381413060,1
1381413180,1
1381413480,1
1381414320,1
1381417920,1
1381421040,1
1381428600,1
1381429380,1
1381430520,1
1381431360,1
1381437120,1
1381437600,1
1381439400,1
1381439700,2
1381439820,1
1381440060,1
1381440660,1
1381440780,1
1381441440,1
1381441860,1
1381443780,1
1381447560,1
1381450920,1
1381450980,1
1381451880,1
1381452000,1
1381455240,1
1381456500,3
1381456680,2
1381458180,1
1381461360,1
1381489500,1
1381490280,1
1381490460,1
1381490880,1
1381492260,1
1381492320,1
1381492440,1
1381492620,2
1381492740,1
1381492980,1
1381493460,1
1381493880,1
1381494480,1
1381494960,1
1381495080,1
1381495200,3
1381495320,1
1381496640,1
1381497060,1
1381497300,1
1381499220,1
1381499460,1
1381501560,1
1381501800,1
1381502460,1
1381502880,1
1381503840,2
1381506480,1
1381509060,1
1381509720,1
1381509900,1
1381516260,1
1381518300,2
1381520760,1
1381521060,1
1381521600,1
1381521720,2
1381524720,1
1381529100,1
1381530120,1
1381532280,1
1381532520,1
1381532700,1
1381532880,1
1381542120,1
1381542420,1
1381543140,1
1381545780,1
1381548720,1
1381549320,1
1381556040,1
1381556340,3
1381573740,1
1381576680,2
1381579620,2
1381584000,1
1381584120,1
1381584180,2
1381586520,1
1381586880,1
1381588200,2
1381591020,1
1381592160,1
1381592940,1
1381594380,1
1381596360,1
1381600680,1
1381601100,1
1381601580,1
1381601700,1
1381604280,1
1381604700,4
1381604760,2
1381604880,2
1381604940,4
1381605000,2
1381605060,1
1381606140,1
1381606200,1
1381606380,1
1381609500,1
1381611480,2
1381612080,2
1381613880,1
1381614240,1
1381614660,1
1381616340,1
1381616700,1
1381617180,1
1381617900,1
1381620180,1
1381623180,1
1381628040,1
1381638420,1
1381658760,1
1381665660,1
1381667100,1
1381669980,1
1381670400,1
1381671720,1
1381672140,1
1381673820,1
1381677660,1
1381678200,1
1381679760,1
1381680240,1
1381680780,2
1381684320,1
1381686780,1
1381688880,1
1381688940,1
1381689000,1
1381689240,1
1381691580,1
1381694640,1
1381695480,1
1381697340,1
1381699740,1
1381699920,1
1381700700,1
1381701540,1
1381703820,1
1381706100,1
1381708380,1
1381708920,1
1381710480,1
1381711500,1
1381716000,1
1381717140,1
1381717680,1
1381718100,1
1381739820,1
1381740000,1
1381742760,1
1381747140,1
1381749540,1
1381752540,1
1381752780,1
1381753740,1
1381753860,1
1381754160,1
1381754220,1
1381754760,1
1381755120,1
1381755240,1
1381755660,1
1381755720,1
1381755900,1
1381756320,1
1381756800,3
1381756920,3
1381759620,1
1381759860,2
1381760100,1
1381761420,1
1381762320,2
1381763580,1
1381763700,1
1381763760,1
1381763880,1
1381764600,1
1381766760,1
1381768560,1
1381773060,1
1381773540,1
1381774500,1
1381775820,2
1381777440,1
1381778340,1
1381778760,1
1381778880,1
1381786560,1
1381788960,1
1381789260,1
1381789620,1
1381792680,1
1381797900,1
1381799580,1
1381801080,1
1381802760,1
1381807680,1
1381810860,1
1381818180,1
1381826700,1
1381831980,1
1381835040,1
1381835760,1
1381836420,1
1381837320,2
1381837800,1
1381837980,1
1381838940,1
1381839000,2
1381839360,1
1381840320,2
1381840380,1
1381840560,1
1381840920,1
1381841160,1
1381841460,1
1381841760,1
1381842000,1
1381842060,1
1381842180,1
1381842240,2
1381842540,1
1381842720,2
1381842840,1
1381843140,1
1381843920,1
1381844220,1
1381845840,1
1381854180,1
1381854600,1
1381855740,1
1381855800,1
1381859520,1
1381866600,1
1381866840,1
1381867260,1
1381869600,1
1381870440,1
1381871340,1
1381872720,1
1381872840,1
1381873320,1
1381875660,1
1381875720,1
1381875960,1
1381876020,1
1381876740,1
1381880880,1
1381882680,2
1381884780,1
1381886280,1
1381912920,1
1381923240,1
1381923360,1
1381924260,1
1381925460,1
1381925520,1
1381926240,1
1381926420,1
1381926960,1
1381927080,1
1381927320,1
1381927380,1
1381927740,1
1381928280,1
1381928880,1
1381929000,2
1381929120,2
1381929240,1
1381929540,1
1381929720,1
1381930980,1
1381931100,1
1381931760,1
1381932000,1
1381932420,1
1381934700,2
1381935960,1
1381936380,1
1381942200,1
1381944720,1
1381946220,1
1381951020,1
1381952520,1
1381953600,1
1381955640,1
1381957260,2
1381957920,1
1381959480,1
1381959600,1
1381962600,1
1381963440,1
1381967760,1
1381968780,1
1381968960,1
1381971240,1
1381971360,1
1381980540,1
1382007540,1
1382011140,1
1382012100,1
1382013120,1
1382013180,2
1382013300,1
1382013780,1
1382013960,2
1382014260,1
1382014500,1
1382014800,1
1382015040,2
1382015220,2
1382015340,1
1382015400,1
1382015520,3
1382015640,1
1382016720,1
1382016960,1
1382017560,1
1382019180,1
1382020500,1
1382020680,1
1382027160,1
1382028720,1
1382029320,1
1382032380,1
1382034720,1
1382035740,1
1382037120,1
1382037540,1
1382039220,1
1382039640,1
1382039940,1
1382040240,1
1382040780,1
1382043240,2
1382044380,1
1382045700,1
1382047020,1
1382047800,1
1382048580,1
1382050140,2
1382050380,1
1382053140,1
1382053260,1
1382054940,1
1382055240,2
1382055300,1
1382056320,1
1382056500,1
1382056680,1
1382062020,1
1382063940,1
1382089740,1
1382092620,1
1382092680,1
1382095800,1
1382096460,1
1382099280,1
1382099760,1
1382100000,1
1382100060,1
1382100180,2
1382100600,1
1382100780,1
1382101080,1
1382101440,2
1382101740,1
1382101860,1
1382102040,1
1382102220,2
1382102640,1
1382103120,1
1382103240,1
1382103540,1
1382103900,2
1382108640,1
1382109540,1
1382110440,1
1382116560,1
1382120100,1
1382120460,1
1382120820,1
1382121780,1
1382123220,2
1382125260,1
1382126400,1
1382128740,1
1382129580,1
1382132100,1
1382132160,1
1382134320,1
1382136120,1
1382137260,1
1382141580,1
1382145960,1
1382150880,1
1382155260,2
1382156160,1
1382178720,1
1382179440,1
1382181660,1
1382187780,1
1382190720,2
1382192640,1
1382196360,1
1382197320,1
1382198460,1
1382198940,1
1382199000,1
1382204100,1
1382204760,1
1382204940,1
1382207280,1
1382207460,1
1382208720,1
1382209020,1
1382209860,1
1382211900,1
1382214840,2
1382216520,1
1382216700,1
1382216940,1
1382217480,1
1382223060,1
1382224380,1
1382225820,1
1382226000,1
1382228040,1
1382229780,1
1382230380,1
1382232240,1
1382233080,1
1382236380,1
1382237820,1
1382239320,1
1382242680,1
1382251680,1
1382266980,1
1382268000,2
1382268840,1
1382270100,1
1382270160,1
1382271540,1
1382275140,1
1382275620,1
1382276700,1
1382278980,1
1382279880,1
1382280000,1
1382286000,1
1382288100,1
1382294160,1
1382294880,1
1382295540,1
1382302080,1
1382302320,1
1382303100,1
1382304000,1
1382304900,1
1382306820,1
1382307660,1
1382307780,1
1382308440,1
1382308920,1
1382309040,2
1382313000,1
1382316900,1
1382319420,2
1382321220,1
1382345040,1
1382352240,1
1382355300,1
1382358000,1
1382358540,1
1382358720,1
1382358900,1
1382359200,2
1382359380,1
1382359440,2
1382360040,1
1382360640,1
1382360700,1
1382367060,1
1382368560,1
1382368920,1
1382369100,1
1382369160,1
1382370840,1
1382371500,1
1382373060,1
1382373180,1
1382375040,1
1382376300,1
1382376540,1
1382377140,1
1382378100,1
1382378700,1
1382378760,1
1382378820,1
1382381700,7
1382381820,2
1382382120,1
1382382300,1
1382383800,1
1382384160,1
1382384520,1
1382386440,1
1382387760,1
1382388120,1
1382388660,1
1382389320,1
1382389800,1
1382391420,1
1382392440,1
1382394060,2
1382395380,1
1382395680,1
1382397240,1
1382398320,1
1382400420,1
1382401800,1
1382402100,1
1382402160,1
1382403000,1
1382406840,1
1382407080,1
1382407620,1
1382431260,1
1382436960,1
1382437860,1
1382439420,1
1382441940,1
1382442360,1
1382442720,1
1382443560,1
1382444340,2
1382444700,1
1382445060,1
1382445120,1
1382445240,1
1382445540,1
1382445900,1
1382446200,1
1382446980,1
1382447100,1
1382447580,3
1382447760,3
1382448060,1
1382448300,1
1382448420,1
1382448540,1
1382449080,4
1382449320,1
1382449560,1
1382449740,1
1382450520,1
1382455200,1
1382459820,1
1382465460,1
1382472240,1
1382472960,1
1382476140,1
1382476380,1
1382476980,1
1382478540,1
1382479920,1
1382481300,1
1382481540,1
1382481600,1
1382483520,1
1382484120,1
1382486040,1
1382490480,1
1382492940,1
1382520300,1
1382525820,1
1382527680,1
1382528940,1
1382530080,1
1382530680,1
1382531400,1
1382531520,1
1382531640,2
1382531820,1
1382532060,1
1382532180,1
1382532360,1
1382532600,1
1382532780,1
1382533080,1
1382533260,1
1382533440,1
1382533920,1
1382534340,1
1382534400,1
1382534460,1
1382534580,1
1382534760,1
1382535420,1
1382535660,1
1382535780,1
1382536260,1
1382536380,2
1382536440,1
1382538120,1
1382539080,1
1382541060,1
1382541240,1
1382545320,1
1382546460,1
1382546580,1
1382548980,1
1382550180,1
1382554800,1
1382555880,1
1382556600,1
1382556720,1
1382561760,1
1382562900,1
1382563260,1
1382564160,1
1382564460,1
1382565360,1
1382566320,1
1382567820,1
1382568900,1
1382569680,1
1382570220,1
1382573340,2
1382573400,1
1382577900,1
1382612100,1
1382614020,1
1382615520,1
1382615940,1
1382618160,1
1382618340,1
1382618520,3
1382618700,3
1382618820,1
1382619180,1
1382619960,1
1382620140,1
1382620260,1
1382620380,1
1382620920,2
1382621400,1
1382622600,2
1382622660,1
1382623560,1
1382623860,1
1382623980,1
1382624580,1
1382625600,1
1382625720,1
1382626680,1
1382626860,1
1382627040,1
1382629500,1
1382630100,1
1382633100,1
1382634600,1
1382635440,1
1382638260,1
1382639280,1
1382639700,3
1382643300,1
1382644860,1
1382645760,1
1382647140,1
1382648520,1
1382649000,1
1382649120,1
1382649360,1
1382649480,1
1382653020,1
1382656200,1
1382656920,1
1382657100,1
1382657760,1
1382659620,1
1382659980,1
1382661120,1
1382662020,1
1382665800,1
1382669580,1
1382674980,2
1382681340,1
1382686620,1
1382686800,1
1382688480,1
1382688780,1
1382689080,1
1382690340,1
1382690880,1
1382692080,1
1382693280,1
1382694480,2
1382695380,1
1382696280,1
1382696940,1
1382698740,1
1382700360,1
1382701440,1
1382701560,1
1382702460,1
1382704440,1
1382704620,2
1382704920,1
1382705040,2
1382705160,1
1382705640,1
1382706360,1
1382706780,1
1382707140,1
1382708940,1
1382709120,1
1382710020,1
1382710800,1
1382713500,1
1382713980,1
1382715480,1
1382717760,1
1382719320,1
1382719440,2
1382720640,1
1382721720,1
1382723340,1
1382723400,1
1382723640,1
1382726400,1
1382731440,1
1382733540,1
1382735460,1
1382736900,1
1382737860,1
1382738820,1
1382741460,1
1382741760,1
1382751960,1
1382759640,2
1382763420,1
1382763480,1
1382782860,1
1382787360,1
1382788620,1
1382789520,1
1382790000,1
1382791740,1
1382793900,2
1382794440,1
1382794620,1
1382794800,1
1382796240,1
1382797500,1
1382798220,2
1382798400,1
1382799420,1
1382799840,1
1382799960,1
1382802900,1
1382803200,1
1382803440,1
1382805000,1
1382805120,1
1382805420,1
1382807460,1
1382811780,1
1382813700,1
1382814480,1
1382815140,1
1382815320,1
1382817180,1
1382817480,1
1382817960,1
1382819100,2
1382821080,1
1382823000,1
1382823180,1
1382826600,1
1382829600,1
1382830500,1
1382831760,1
1382832780,1
1382838060,1
1382839680,1
1382843100,1
1382847840,1
1382872800,1
1382874180,1
1382874360,1
1382877600,1
1382879580,1
1382879880,1
1382882100,1
1382882160,1
1382884860,1
1382888820,1
1382894820,1
1382899200,1
1382902560,1
1382902680,1
1382903940,1
1382904060,1
1382904660,1
1382907720,1
1382908620,1
1382908680,1
1382909340,1
1382910180,1
1382912520,1
1382914200,1
1382919720,1
1382920620,1
1382922000,1
1382926080,1
1382927640,1
1382928660,1
1382936820,1
1382949600,1
1382951340,1
1382956140,1
1382958240,1
1382960580,1
1382960700,1
1382960820,1
1382961960,1
1382965020,1
1382965800,1
1382974860,1
1382977620,1
1382979540,1
1382979600,1
1382981760,1
1382981940,1
1382982720,1
1382987160,1
1382988120,1
1382989380,1
1382991780,1
1382993520,1
1382994720,1
1382995860,1
1382996280,1
1382996820,1
1382997660,1
1382997780,1
1382998500,1
1382998800,1
1383000060,1
1383001080,1
1383001200,1
1383001500,1
1383004680,1
1383005940,1
1383012780,1
1383014700,1
1383015720,1
1383015780,1
1383022200,1
1383032640,1
1383033180,1
1383042780,1
1383044280,1
1383047640,1
1383047820,1
1383048120,1
1383048240,1
1383048720,1
1383049800,1
1383049920,2
1383050520,1
1383051060,1
1383051180,1
1383051600,1
1383052680,1
1383054300,1
1383054360,2
1383054600,1
1383054780,1
1383055080,1
1383055260,1
1383055440,1
1383055560,1
1383056520,1
1383056760,1
1383057480,1
1383058440,1
1383058680,1
1383059940,1
1383062100,1
1383063360,1
1383064140,2
1383065220,1
1383065280,3
1383068160,1
1383069540,1
1383070620,1
1383072300,1
1383075540,1
1383076620,1
1383076980,1
1383077100,1
1383077520,1
1383079500,1
1383081060,1
1383081900,1
1383082320,1
1383082560,1
1383085920,1
1383087840,1
1383088200,1
1383088320,1
1383088440,1
1383088500,1
1383089100,1
1383089880,1
1383091860,1
1383095040,1
1383123660,1
1383130620,1
1383130740,2
1383133860,1
1383135000,1
1383135360,1
1383135960,1
1383136140,1
1383136380,2
1383136500,1
1383136620,1
1383136740,1
1383136860,1
1383137040,2
1383137400,1
1383137520,1
1383137880,1
1383138600,1
1383139080,1
1383139140,1
1383139200,1
1383139260,1
1383140760,2
1383140940,1
1383141060,1
1383141420,1
1383142080,1
1383142500,1
1383147660,1
1383147780,1
1383153540,1
1383154500,1
1383156000,1
1383164160,1
1383167460,1
1383168060,1
1383168540,1
1383168900,1
1383169140,1
1383169800,1
1383170460,1
1383172380,1
1383175800,1
1383177300,2
1383178200,1
1383178440,1
1383178740,1
1383181260,1
1383181500,1
1383181680,1
1383186840,1
1383190500,2
1383210540,1
1383211200,1
1383216120,1
1383216240,1
1383219900,1
1383221820,1
1383222300,1
1383222540,4
1383222840,2
1383223140,1
1383223260,1
1383223380,1
1383223980,1
1383224220,1
1383224280,1
1383224700,1
1383225120,2
1383226140,1
1383226440,1
1383228120,1
1383229080,1
1383229500,1
1383229620,1
1383230460,1
1383233040,1
1383234180,1
1383235500,1
1383235680,1
1383235740,1
1383237300,2
1383245160,1
1383247680,1
1383247800,1
1383249600,1
1383250080,2
1383250200,1
1383252360,1
1383253620,1
1383253860,1
1383254280,1
1383256440,1
1383257220,1
1383257400,1
1383261300,1
1383261360,1
1383262920,1
1383264720,1
1383265920,2
1383266820,1
1383266940,1
1383269580,1
1383270360,1
1383271680,1
1383274680,1
1383285060,1
1383300000,1
1383302820,1
1383303300,1
1383306660,1
1383308160,1
1383308760,1
1383309180,1
1383309660,1
1383309720,1
1383309960,1
1383311880,1
1383312180,1
1383312900,1
1383313260,1
1383316500,1
1383322320,1
1383324360,1
1383324660,1
1383325080,1
1383326040,1
1383327120,1
1383330960,1
1383332280,1
1383335880,1
1383336900,1
1383338820,2
1383339000,1
1383339660,1
1383340020,1
1383341280,1
1383341400,1
1383341460,1
1383341580,1
1383342300,1
1383345660,1
1383346440,1
1383348060,1
1383348420,1
1383348480,1
1383349080,1
1383349680,1
1383351120,1
1383353880,1
1383357480,1
1383368640,1
1383388260,1
1383389820,1
1383390960,1
1383392400,1
1383398820,1
1383399660,1
1383400080,1
1383402060,1
1383402480,2
1383404340,1
1383405900,1
1383406080,1
1383406680,1
1383406800,1
1383406920,1
1383407040,1
1383407340,1
1383407580,1
1383407880,1
1383410880,1
1383411900,1
1383411960,1
1383412500,1
1383414540,1
1383414600,1
1383417060,1
1383418560,1
1383419520,1
1383420900,1
1383421920,1
1383423900,1
1383426300,1
1383428460,1
1383431160,2
1383433740,1
1383435240,1
1383435900,1
1383436560,1
1383436740,1
1383443640,1
1383445020,1
1383448740,1
1383453900,1
1383458640,12
1383473340,1
1383480660,1
1383481980,1
1383483300,1
1383483600,1
1383485820,1
1383487560,1
1383492180,1
1383492540,1
1383493140,1
1383494820,1
1383495060,1
1383495180,1
1383495420,1
1383495840,1
1383496140,1
1383496200,1
1383498480,3
1383499200,1
1383499860,1
1383499980,2
1383501780,1
1383501900,1
1383503460,1
1383504900,1
1383507540,1
1383507960,1
1383508800,1
1383509460,1
1383510300,1
1383511800,1
1383512520,1
1383513180,1
1383513300,1
1383513420,1
1383515400,2
1383516000,1
1383519840,1
1383520380,1
1383521520,1
1383522120,1
1383523680,1
1383523860,1
1383524280,1
1383526500,1
1383527040,1
1383527760,1
1383529080,1
1383529620,1
1383534600,2
1383536760,1
1383558000,1
1383569280,2
1383570240,1
1383570780,1
1383571140,1
1383571740,1
1383571800,1
1383572040,1
1383573240,1
1383573360,1
1383573600,2
1383574500,1
1383574740,1
1383574800,1
1383574980,1
1383575340,1
1383575460,1
1383575880,1
1383577620,1
1383578280,1
1383578820,1
1383580200,2
1383582000,1
1383583560,1
1383583680,1
1383584160,1
1383586380,2
1383586740,1
1383586860,1
1383587040,1
1383588360,1
1383591900,1
1383594840,1
1383595920,1
1383597780,1
1383600780,1
1383601020,2
1383602460,1
1383603000,1
1383604380,1
1383604980,1
1383605580,1
1383606000,1
1383606060,1
1383606840,1
1383608220,1
1383609780,1
1383611160,1
1383611460,1
1383613200,1
1383618120,3
1383618240,1
1383621480,1
1383622020,1
1383623760,1
1383644160,1
1383650160,1
1383650340,1
1383652260,1
1383653100,1
1383657060,1
1383657600,1
1383657720,1
1383658140,1
1383658320,1
1383658920,1
1383658980,2
1383660480,1
1383660780,1
1383661320,1
1383662520,1
1383662580,1
1383662880,1
1383662940,1
1383663420,1
1383664380,1
1383666720,1
1383666960,1
1383668520,1
1383673560,1
1383686880,1
1383689580,1
1383690420,1
1383690900,1
1383691020,1
1383693840,1
1383694380,1
1383696900,1
1383697740,1
1383698280,1
1383698880,1
1383699300,1
1383700440,1
1383700980,1
1383701160,1
1383702060,1
1383702240,1
1383702360,1
1383703440,1
1383703980,1
1383704580,1
1383704940,1
1383705540,2
1383706140,1
1383707760,1
1383709260,1
1383709380,1
1383709800,1
1383709980,1
1383710580,1
1383711180,1
1383714480,1
1383715080,1
1383716640,1
1383717300,1
1383718440,1
1383719640,1
1383720240,1
1383723540,1
1383724980,1
1383725580,1
1383728040,1
1383728940,1
1383730680,1
1383731940,1
1383739080,1
1383740040,1
1383741840,1
1383742680,1
1383743640,1
1383743820,1
1383744420,1
1383745140,1
1383745440,1
1383745620,1
1383745920,1
1383745980,1
1383746100,3
1383746280,1
1383746460,1
1383747000,1
1383747300,1
1383747420,1
1383747540,1
1383747720,1
1383748080,2
1383750120,1
1383753240,1
1383753360,1
1383753600,1
1383753780,1
1383753840,1
1383754920,1
1383755280,1
1383757740,1
1383763620,1
1383766380,1
1383767280,1
1383769320,1
1383769440,1
1383770100,1
1383770400,1
1383773100,1
1383773340,1
1383774720,1
1383777600,1
1383778320,1
1383780240,1
1383780780,1
1383783840,1
1383784680,1
1383784920,1
1383785460,1
1383785940,1
1383786660,2
1383787560,1
1383788700,1
1383794400,1
1383796140,1
1383797340,1
1383798000,1
1383809340,1
1383819300,1
1383825120,1
1383825660,1
1383828360,1
1383829740,1
1383829920,1
1383830280,1
1383831120,1
1383831420,2
1383831600,1
1383832020,1
1383832260,1
1383833520,1
1383833880,3
1383834000,1
1383834240,1
1383834480,1
1383834600,1
1383835380,1
1383835440,2
1383835560,2
1383836340,1
1383837000,1
1383837600,1
1383838680,1
1383842400,1
1383843780,1
1383845640,1
1383851820,1
1383858780,1
1383859500,1
1383860340,1
1383863040,1
1383863520,1
1383863640,1
1383864060,1
1383867060,1
1383869640,1
1383870120,1
1383871140,1
1383873120,1
1383875640,1
1383875700,1
1383875820,1
1383876600,1
1383880140,1
1383880500,1
1383882180,1
1383886140,1
1383892560,1
1383907800,1
1383910740,1
1383914640,1
1383915000,1
1383916200,1
1383916440,1
1383916980,1
1383917220,2
1383917340,2
1383917460,1
1383917640,1
1383917760,1
1383919320,1
1383919380,1
1383919860,1
1383920280,2
1383920760,1
1383922380,1
1383923220,1
1383923520,1
1383923760,1
1383923820,1
1383925740,1
1383934020,1
1383936600,1
1383939180,1
1383945300,1
1383945840,1
1383946620,1
1383946800,2
1383947580,1
1383947880,1
1383948300,1
1383948540,1
1383948840,1
1383949500,1
1383950400,2
1383950580,1
1383952020,1
1383952680,1
1383954000,1
1383956100,1
1383956400,1
1383973740,1
1383974580,1
1383975780,1
1383977700,1
1383978780,1
1383979380,1
1383980580,1
1383982380,1
1383985080,1
1383986280,1
1383987180,1
1383988200,1
1383991680,1
1383992880,1
1383996060,1
1383996840,2
1383998940,1
1383999360,1
1384001040,1
1384001640,1
1384003320,1
1384003380,1
1384004280,1
1384005120,1
1384006680,1
1384007280,1
1384008780,1
1384009440,1
1384009680,1
1384010820,1
1384011600,1
1384012740,1
1384013280,1
1384014240,1
1384014660,1
1384015620,1
1384017420,1
1384018140,1
1384021920,1
1384024380,1
1384025160,1
1384028400,1
1384030200,1
1384030680,1
1384030980,1
1384031160,2
1384032240,1
1384032780,1
1384035000,1
1384036800,1
1384038000,2
1384038480,1
1384039140,2
1384039260,1
1384042740,1
1384042860,1
1384043280,1
1384045200,2
1384053540,1
1384053780,1
1384055340,1
1384055640,1
1384064280,1
1384066080,1
1384067880,1
1384068840,1
1384070040,1
1384071840,1
1384073580,1
1384075740,1
1384076580,1
1384077540,1
1384079220,1
1384080240,1
1384080780,1
1384081740,2
1384082580,1
1384083120,1
1384083240,1
1384084980,1
1384085760,2
1384086180,1
1384087320,1
1384087680,1
1384088580,1
1384089960,1
1384092600,1
1384094760,1
1384095840,1
1384100580,1
1384101900,1
1384103580,1
1384105680,1
1384106220,1
1384106880,1
1384110240,1
1384110420,1
1384110720,1
1384112040,1
1384112820,1
1384114860,1
1384116600,1
1384116960,1
1384120620,1
1384120920,1
1384122360,1
1384124760,1
1384125120,1
1384125180,1
1384129440,1
1384131120,1
1384131360,1
1384132320,1
1384133280,1
1384135500,1
1384137240,1
1384139940,1
1384162380,1
1384164120,1
1384169340,1
1384169640,1
1384174980,1
1384176540,1
1384187220,1
1384187940,1
1384194720,1
1384195500,1
1384196580,1
1384209120,1
1384209780,1
1384209900,1
1384211220,1
1384211520,1
1384216560,1
1384218900,1
1384222140,1
1384222200,1
1384222380,1
1384226280,1
1384227660,1
1384254600,1
1384255380,1
1384255560,1
1384256280,1
1384258380,1
1384259580,1
1384261080,1
1384261440,1
1384262220,1
1384262880,1
1384263780,1
1384263840,1
1384263960,1
1384264080,1
1384264320,1
1384264740,1
1384265700,1
1384266120,1
1384266720,1
1384267920,1
1384268820,1
1384270080,1
1384270440,1
1384271820,1
1384272720,1
1384273200,1
1384273380,2
1384273980,1
1384274820,1
1384277580,1
1384279320,1
1384281120,1
1384281240,1
1384281480,1
1384282080,1
1384282680,1
1384283940,1
1384284180,1
1384284840,1
1384285020,1
1384286880,1
1384287720,1
1384287900,1
1384289220,2
1384291500,1
1384292220,1
1384292940,1
1384294320,2
1384294680,1
1384295580,1
1384296180,1
1384296300,1
1384297320,1
1384298340,1
1384300140,2
1384301220,1
1384302660,2
1384303380,1
1384303740,1
1384304220,1
1384305180,1
1384305780,1
1384307220,1
1384307400,1
1384310880,2
1384312080,1
1384312860,1
1384318320,1
1384319280,1
1384319520,1
1384320120,1
1384321380,1
1384321980,2
1384322520,1
1384323120,1
1384325580,1
1384325880,1
1384327380,1
1384327620,1
1384328580,1
1384330320,1
1384331280,1
1384332540,1
1384334880,1
1384336740,1
1384336920,1
1384337040,1
1384338480,1
1384339020,1
1384339980,1
1384342080,1
1384342500,1
1384342740,1
1384343640,1
1384344480,1
1384344720,1
1384345620,1
1384346700,1
1384347120,1
1384347540,1
1384348620,1
1384349280,1
1384349520,1
1384350000,1
1384350060,3
1384350180,1
1384350360,1
1384350480,1
1384350840,1
1384351680,1
1384351860,1
1384352400,1
1384354140,1
1384361340,1
1384363200,1
1384364940,1
1384365420,1
1384366920,1
1384368480,1
1384369440,1
1384369980,1
1384370820,1
1384371720,1
1384372380,1
1384374120,1
1384375080,1
1384375320,1
1384375440,1
1384377420,1
1384379700,1
1384380660,1
1384381020,1
1384381320,1
1384381500,1
1384382760,1
1384384020,1
1384384980,1
1384385280,1
1384386120,1
1384386240,1
1384387440,1
1384387740,2
1384388580,1
1384390020,1
1384390200,1
1384390860,1
1384391280,1
1384391520,1
1384392480,1
1384393380,1
1384395180,1
1384396140,1
1384396440,2
1384396920,1
1384398780,1
1384407240,1
1384408980,1
1384409880,2
1384409940,3
1384410120,9
1384410540,1
1384413480,1
1384416480,1
1384417920,1
1384418580,1
1384419240,2
1384420620,1
1384421280,1
1384421880,1
1384423140,1
1384423980,1
1384424280,1
1384426620,1
1384426740,1
1384427880,1
1384428420,1
1384428960,1
1384429380,1
1384429980,1
1384430040,1
1384430520,2
1384431180,1
1384436040,1
1384436280,2
1384436340,1
1384436640,1
1384437900,1
1384438620,1
1384441260,1
1384448580,1
1384449480,1
1384451340,1
1384452780,1
1384453200,1
1384455240,1
1384460160,1
1384461480,2
1384462440,1
1384462560,1
1384464420,2
1384465500,1
1384466640,1
1384467300,1
1384472940,1
1384476540,1
1384476960,1
1384477980,2
1384479360,1
1384479720,1
1384480860,1
1384485120,1
1384487220,1
1384500720,1
1384513920,1
1384514040,1
1384514220,1
1384516440,1
1384519200,1
1384519320,1
1384519560,1
1384521420,1
1384521960,2
1384522140,1
1384522320,2
1384522440,2
1384522860,1
1384523040,4
1384523520,1
1384523940,1
1384525200,1
1384525500,1
1384526520,1
1384533300,1
1384537080,1
1384540260,1
1384540980,1
1384541160,1
1384544400,1
1384546800,1
1384547100,1
1384551180,1
1384551240,1
1384554420,1
1384554780,1
1384559760,1
1384560360,1
1384560660,1
1384560840,1
1384561620,1
1384561860,1
1384564260,1
1384568880,1
1384569240,1
1384570560,1
1384572120,2
1384572300,2
1384573800,1
1384576980,1
1384578900,1
1384582680,1
1384582860,1
1384591620,1
1384600980,1
1384604520,1
1384605660,1
1384605840,1
1384607940,1
1384612080,1
1384613820,1
1384614660,1
1384617960,1
1384619940,1
1384620480,1
1384620540,1
1384620900,1
1384622880,1
1384623960,1
1384624380,1
1384625820,1
1384630200,1
1384632600,1
1384632660,1
1384633800,1
1384635060,1
1384637280,1
1384640760,1
1384643760,1
1384645680,1
1384647120,1
1384647720,1
1384651620,1
1384653180,1
1384654980,1
1384658460,1
1384665480,1
1384688160,1
1384688760,1
1384691040,1
1384691940,1
1384692420,1
1384697100,1
1384698900,1
1384702140,1
1384704360,1
1384706940,1
1384716180,1
1384720320,1
1384721760,1
1384722060,1
1384724460,1
1384726200,1
1384726680,1
1384727280,1
1384732140,1
1384732620,1
1384737660,1
1384746240,1
1384759200,1
1384774380,1
1384775880,1
1384779180,1
1384781040,1
1384781280,1
1384781880,1
1384782000,1
1384782180,2
1384782240,1
1384782360,1
1384782780,1
1384796760,2
1384798680,1
1384800360,1
1384803180,1
1384804020,1
1384804680,1
1384807140,1
1384807560,1
1384810980,1
1384812000,1
1384812540,1
1384812900,1
1384813020,1
1384813380,1
1384813560,2
1384817160,1
1384818180,1
1384818360,1
1384820880,1
1384822620,2
1384825860,1
1384826580,1
1384826760,1
1384828080,1
1384831680,1
1384832880,1
1384833180,1
1384835340,1
1384853280,1
1384856640,1
1384860180,2
1384861020,1
1384862100,1
1384863180,1
1384863720,1
1384864680,1
1384865040,1
1384866780,1
1384867500,1
1384868280,1
1384868520,1
1384868640,1
1384868760,2
1384869060,1
1384869360,1
1384869480,1
1384870200,1
1384870620,1
1384870680,1
1384870980,1
1384871760,1
1384873380,1
1384873500,1
1384873920,1
1384874100,1
1384875060,2
1384875240,1
1384876380,1
1384881120,1
1384882440,1
1384882860,1
1384882920,1
1384884120,1
1384886220,1
1384886400,2
1384887600,1
1384891080,1
1384894800,1
1384899360,1
1384899540,1
1384899660,1
1384899780,1
1385590140,1
1385590380,1
1385593380,1
1385593800,1
1385597760,2
1385598360,1
1385599260,1
1385601360,1
1385602260,1
1385604360,1
1385605260,1
1385606760,1
1385607660,1
1385609460,1
1385611260,1
1385612160,1
1385615160,1
1385616360,1
1385618760,1
1385619960,1
1385621160,1
1385625660,1
1385626560,1
1385631360,1
1385634180,1
1385636040,1
1385636460,1
1385637960,1
1385638620,1
1385643060,1
1385646360,1
1385646960,1
1385648220,1
1385649660,1
1385652060,1
1385653260,1
1385654760,1
1385655480,1
1385657760,1
1385658960,1
1385659860,1
1385660460,1
1385660820,1
1385661660,1
1385664060,1
1385665260,1
1385666760,1
1385667660,1
1385668380,1
1385668560,1
1385670960,1
1385671860,1
1385673360,1
1385673960,1
1385674860,1
1385676660,1
1385678760,1
1385679360,1
1385680260,1
1385681460,1
1385682360,1
1385683560,1
1385683620,1
1385684760,1
1385685360,1
1385686380,1
1385686560,1
1385693160,1
1385694660,1
1385695560,1
1385696160,1
1385697060,1
1385698260,1
1385698860,1
1385699160,1
1385700360,1
1385700960,1
1385701860,1
1385702460,1
1385704560,1
1385706060,1
1385707260,1
1385708160,1
1385709360,1
1385711160,1
1385712960,1
1385713860,1
1385716260,1
1385724960,1
1385725740,1
1385726460,1
1385727360,1
1385728560,1
1385730060,2
1385731560,1
1385732760,1
1385733780,1
1385734560,1
1385738640,1
1385739960,1
1385744040,1
1385750160,1
1385752260,1
1385752800,1
1385762820,1
1385763240,1
1385763780,1
1385764800,1
1385768220,1
1385769060,1
1385770860,1
1385811360,1
1385811840,1
1385812740,1
1385820360,1
1385822460,1
1385824260,1
1385825340,1
1385828400,1
1385829000,1
1385834400,1
1385835900,2
1385836560,2
1385845020,1
1385849340,1
1385849760,2
1385850360,1
1385850840,1
1385854500,1
1385863740,1
1385870280,1
1385876460,1
1385894760,1
1385897700,1
1385900400,1
1385906820,1
1385906880,1
1385911680,1
1385914140,1
1385914260,1
1385915460,1
1385916540,1
1385921160,1
1385921760,1
1385923380,1
1385924460,1
1385925120,1
1385927040,1
1385927100,1
1385927760,1
1385929260,1
1385929860,1
1385931360,2
1385931420,1
1385932260,1
1385933160,1
1385933580,1
1385934060,1
1385934660,1
1385934840,2
1385935260,1
1385936460,1
1385937960,1
1385938860,1
1385939760,1
1385940660,1
1385941860,1
1385944860,1
1385949840,1
1385950260,1
1385952660,1
1385953260,1
1385954160,1
1385954820,1
1385955660,1
1385957520,1
1385958960,1
1385959560,1
1385960460,1
1385964360,1
1385966460,1
1385967660,1
1385968560,1
1385969160,1
1385970360,1
1385975460,1
1385976660,1
1385979720,1
1385979960,1
1385981760,1
1385982660,1
1385984100,1
1385984760,1
1385985960,1
1385987460,1
1385988180,1
1385989560,1
1385990460,1
1385990880,1
1385990940,2
1385991000,1
1385991060,1
1385991240,1
1385992140,2
1385993340,1
1385993460,1
1385993580,1
1385993640,1
1385993760,1
1385993820,1
1385994180,1
1385996880,1
1386008400,1
1386009540,1
1386012480,1
1386013440,1
1386019260,1
1386020880,1
1386021480,1
1386023520,1
1386023700,1
1386025860,1
1386027300,1
1386027480,1
1386028740,1
1386030300,1
1386032460,1
1386033360,1
1386036660,1
1386038460,1
1386039600,1
1386041460,1
1386042060,1
1386043260,1
1386045660,1
1386046560,1
1386048060,1
1386050760,1
1386051660,1
1386053160,1
1386054660,1
1386055140,5
1386055200,3
1386055260,2
1386069300,1
1386070620,1
1386072180,1
1386074160,1
1386074520,1
1386076440,1
1386077820,1
1386078120,1
1386078420,1
1386078480,2
1386078660,1
1386079140,1
1386079740,1
1386084300,1
1386085680,1
1386089460,1
1386101640,1
1386101820,1
1386102840,1
1386104580,1
1386105360,1
1386106320,1
1386107700,1
1386109560,1
1386111120,1
1386113700,1
1386116940,1
1386119460,1
1386122400,1
1386129840,1
1386157020,1
1386158160,1
1386160620,1
1386161400,1
1386163560,1
1386163680,1
1386164640,1
1386164820,3
1386165960,1
1386166200,1
1386166440,1
1386166740,1
1386167100,1
1386168240,1
1386172260,2
1386173940,2
1386174660,15
1386176820,1
1386176880,1
1386177600,1
1386181140,1
1386189240,1
1386194280,1
1386194880,1
1386196140,1
1386199320,1
1386200100,2
1386203760,1
1386204240,1
1386207060,1
1386243360,1
1386244140,1
1386246660,1
1386247440,1
1386247920,1
1386249900,1
1386250080,1
1386250980,1
1386251100,2
1386251220,1
1386252120,1
1386252840,1
1386254220,1
1386254520,1
1386255000,1
1386255300,1
1386258720,1
1386261180,1
1386261300,1
1386266340,1
1386270240,1
1386270480,1
1386271860,2
1386272280,1
1386272700,1
1386273180,1
1386276600,1
1386278100,1
1386278220,1
1386278520,1
1386281100,1
1386281520,1
1386282540,1
1386283800,1
1386283860,1
1386284820,1
1386286620,1
1386334200,1
1386337260,1
1386337440,1
1386342780,1
1386345300,1
1386347940,1
1386349980,1
1386351060,1
1386352200,1
1386354060,1
1386356160,1
1386357360,1
1386358440,1
1386358560,1
1386360960,1
1386363660,1
1386364680,1
1386365520,1
1386366360,1
1386366900,1
1386367260,1
1386369360,1
1386369420,1
1386370260,1
1386371160,1
1386371760,1
1386372660,1
1386374100,1
1386381060,1
1386381960,1
1386382860,1
1386384360,1
1386385260,1
1386385860,1
1386386760,1
1386388560,1
1386389460,1
1386391860,1
1386393360,1
1386393960,1
1386395160,1
1386395760,1
1386396360,1
1386397560,1
1386399360,1
1386399960,1
1386400560,1
1386401460,1
1386403260,1
1386403860,1
1386405060,1
1386405840,1
1386406860,1
1386408660,1
1386410160,1
1386411060,1
1386411840,1
1386412860,1
1386414060,1
1386414660,1
1386416760,1
1386417960,1
1386419160,1
1386420360,1
1386420960,1
1386422460,1
1386423960,1
1386424560,1
1386424800,1
1386425160,1
1386425760,1
1386426360,1
1386427260,1
1386427860,1
1386427920,1
1386427980,1
1386428940,1
1386429360,1
1386429960,1
1386436800,1
1386437580,1
1386437640,1
1386439020,1
1386440880,1
1386441300,1
1386441480,1
1386441660,1
1386443160,1
1386443460,1
1386446460,1
1386448560,1
1386448620,1
1386449460,1
1386450000,1
1386450060,1
1386451260,1
1386452160,1
1386453360,1
1386453780,1
1386454860,1
1386455460,1
1386455760,1
1386456120,1
1386456960,1
1386459060,1
1386460260,1
1386461460,1
1386463260,1
1386465660,1
1386466860,1
1386468060,1
1386470760,1
1386471120,1
1386473520,1
1386473760,1
1386476460,1
1386478860,1
1386480360,1
1386481260,1
1386482160,1
1386483360,1
1386483960,1
1386486060,1
1386487320,1
1386488160,1
1386489360,1
1386490620,1
1386492960,1
1386495360,1
1386496560,1
1386498360,1
1386501060,1
1386501660,1
1386503880,1
1386505260,1
1386506460,1
1386509160,1
1386510360,1
1386511140,1
1386511560,1
1386511860,1
1386513420,1
1386515460,1
1386516480,1
1386516660,1
1386516840,1
1386516960,1
1386518820,1
1386519420,1
1386520140,1
1386523140,1
1386526440,1
1386527340,1
1386529980,1
1386530940,1
1386531480,1
1386533700,1
1386535860,1
1386536340,1
1386537480,1
1386539400,1
1386564060,1
1386564720,1
1386567060,1
1386568260,1
1386574260,1
1386576060,1
1386579360,1
1386580560,1
1386582960,1
1386585960,1
1386587460,1
1386588060,1
1386590760,1
1386592260,1
1386594360,1
1386595260,1
1386595620,1
1386596160,1
1386596820,1
1386597660,1
1386598860,1
1386598920,1
1386600840,1
1386604080,1
1386604800,1
1386610320,2
1386611820,1
1386613380,1
1386616140,1
1386618120,1
1386620760,1
1386625740,1
1386626460,1
1386626760,1
1386628440,1
1386630300,1
1386630360,1
1386634260,1
1386679920,1
1386680940,1
1386683160,1
1386683340,2
1386684660,1
1386685140,1
1386696360,1
1386701160,1
1386703080,1
1386704640,1
1386705180,1
1386709440,1
1386710580,1
1386711900,1
1386712260,2
1386714360,1
1386715380,1
1386718020,1
1386720600,1
1386729420,1
1386738360,1
1386739560,1
1386740460,1
1386741360,1
1386744060,1
1386747660,1
1386748260,1
1386751260,1
1386752760,1
1386753960,1
1386754560,1
1386757500,1
1386762960,1
1386763680,1
1386764160,1
1386764760,1
1386765600,1
1386765660,1
1386766620,1
1386767520,1
1386767760,1
1386768240,2
1386769020,1
1386769260,1
1386769740,1
1386770160,1
1386770280,1
1386770460,1
1386770580,1
1386770940,1
1386771060,1
1386772560,1
1386773100,1
1386773160,1
1386773760,1
1386776940,1
1386783720,1
1386791280,1
1386795540,1
1386796380,1
1386798120,1
1386798540,1
1386803340,1
1386804360,1
1386807180,1
1386807240,1
1386808020,1
1386808500,1
1386814920,1
1386815880,1
1386816960,1
1386819360,1
1386820560,1
1386822660,1
1386825360,1
1386830460,1
1386831000,1
1386831360,1
1386832560,1
1386834660,1
1386835560,1
1386837060,1
1386837660,1
1386839220,1
1386840360,1
1386841560,1
1386842160,1
1386844260,1
1386846960,1
1386847860,1
1386849060,1
1386849960,1
1386850860,1
1386852660,1
1386854100,1
1386854160,1
1386854400,1
1386854820,1
1386855540,1
1386855960,1
1386856080,1
1386856380,1
1386857700,1
1386858360,1
1386859860,1
1386860520,1
1386864480,1
1386865260,1
1386867480,1
1386867660,1
1386873120,1
1386882780,1
1386884100,1
1386885120,1
1386885600,1
1386888420,1
1386889560,2
1386890760,1
1386891360,1
1386892260,2
1386893460,2
1386894960,2
1386897060,1
1386897960,1
1386899760,1
1386901260,1
1386902760,1
1386904860,1
1386906060,1
1386908760,1
1386909960,1
1386910860,1
1386912060,1
1386913260,1
1386914460,1
1386915660,1
1386916860,1
1386918060,1
1386919860,1
1386921660,1
1386922260,1
1386923460,1
1386925860,1
1386928260,1
1386928920,1
1386930660,1
1386932460,1
1386933060,1
1386936660,1
1386938160,1
1386939360,2
1386939960,1
1386940800,1
1386940860,1
1386940980,1
1386941580,1
1386941820,1
1386942300,1
1386944160,1
1386944880,1
1386945060,1
1386946080,1
1386946260,1
1386948360,1
1386949380,1
1386952500,1
1386954720,1
1386955800,1
1386956940,3
1386957960,1
1386958260,1
1386959160,1
1386961860,1
1386962460,1
1386963060,1
1386963900,1
1386964440,1
1386964500,1
1386965460,1
1386967620,1
1386969540,1
1386970020,1
1386971160,1
1386974280,1
1386975660,1
1386976980,1
1386979740,1
1386983520,1
1386991980,1
1386998160,1
1387005660,2
1387021620,1
1387028460,1
1387035120,1
1387036020,1
1387037760,1
1387038360,1
1387038420,1
1387050300,1
1387061700,1
1387072920,1
1387131060,1
1387133160,1
1387135260,1
1387137660,1
1387138500,1
1387138560,1
1387138860,1
1387139460,1
1387139940,1
1387140000,1
1387143180,1
1387144500,1
1387154460,1
1387157460,1
1387159560,1
1387160460,1
1387161060,1
1387161840,1
1387162560,1
1387163160,1
1387165560,1
1387166760,1
1387168860,1
1387170060,1
1387170960,1
1387174860,1
1387175460,1
1387180860,1
1387182360,1
1387185360,1
1387189320,1
1387190160,1
1387191360,1
1387195560,1
1387195680,1
1387196760,1
1387198260,1
1387199460,1
1387199820,1
1387200180,1
1387200240,1
1387200600,1
1387200840,1
1387200900,1
1387200960,1
1387201200,1
1387201500,1
1387201560,2
1387203900,1
1387204320,1
1387204500,1
1387206660,1
1387207260,1
1387208040,1
1387208460,1
1387209180,1
1387209960,1
1387211040,1
1387214940,1
1387217460,1
1387219560,1
1387220760,1
1387222560,1
1387222740,1
1387223460,1
1387224060,1
1387225560,1
1387227060,1
1387227420,1
1387227960,1
1387228560,1
1387229220,1
1387230480,1
1387231260,1
1387232280,1
1387232460,2
1387233360,1
1387251060,1
1387253280,1
1387257660,1
1387259160,1
1387261260,1
1387262160,1
1387263060,1
1387264260,1
1387265460,1
1387269060,1
1387271460,1
1387272360,1
1387273860,1
1387275060,1
1387275720,1
1387277460,1
1387278060,1
1387280160,1
1387280760,1
1387282260,1
1387283460,1
1387284660,1
1387285980,1
1387286340,1
1387286640,1
1387287600,1
1387288860,1
1387289760,1
1387290540,1
1387290660,1
1387292460,1
1387294260,1
1387294740,1
1387299060,1
1387299660,1
1387302360,1
1387305060,1
1387306860,2
1387307760,1
1387308660,1
1387309020,1
1387309260,1
1387311060,1
1387311660,1
1387314960,1
1387316100,1
1387317360,1
1387318560,1
1387319220,1
1387321260,1
1387324860,1
1387325760,1
1387325880,1
1387327560,1
1387328160,1
1387329060,1
1387331100,1
1387331760,1
1387332660,1
1387334160,1
1387335660,1
1387337460,1
1387339740,1
1387340460,1
1387342260,1
1387345560,1
1387346460,1
1387348260,1
1387350660,1
1387351560,1
1387354560,1
1387356360,1
1387358160,1
1387360260,1
1387360860,1
1387363260,1
1387365060,1
1387366860,1
1387367940,1
1387368720,1
1387371600,1
1387372860,1
1387373280,1
1387374480,1
1387374660,1
1387377360,1
1387379160,1
1387380060,1
1387380660,1
1387382160,1
1387383060,2
1387383360,1
1387384260,1
1387385160,1
1387386060,1
1387389000,1
1387394160,1
1387394640,1
1387394760,1
1387395960,1
1387397160,1
1387398600,1
1387401720,1
1387402020,1
1387405440,1
1387405500,1
1387406280,1
1387407240,1
1387407420,1
1387408140,1
1387411500,1
1387412700,1
1387415580,1
1387416360,1
1387418760,1
1387419360,1
1387421760,1
1387422660,1
1387427460,1
1387433160,1
1387434660,1
1387435260,1
1387435860,1
1387437060,2
1387437660,1
1387438260,1
1387440060,1
1387441860,1
1387442460,1
1387443060,1
1387443960,1
1387444860,1
1387445460,1
1387448520,1
1387449060,1
1387450560,1
1387451160,1
1387453980,1
1387454460,1
1387455000,1
1387457460,1
1387457880,1
1387458660,1
1387459020,1
1387459440,1
1387460760,1
1387460820,1
1387461120,1
1387462620,1
1387462920,1
1387466760,1
1387467300,1
1387467360,1
1387467960,1
1387469460,1
1387469880,1
1387470660,1
1387470840,1
1387471860,1
1387472280,1
1387472700,1
1387473000,1
1387473060,1
1387481640,1
1387486380,1
1387487340,1
1387487940,1
1387489200,1
1387489380,1
1387489500,1
1387490340,1
1387490460,1
1387490880,1
1387492080,1
1387498200,1
1387504140,1
1387504260,1
1387514760,1
1387516260,1
1387517460,1
1387520160,1
1387520760,1
1387522560,1
1387524060,1
1387526160,1
1387526760,1
1387527360,1
1387527960,1
1387528860,1
1387530060,1
1387531260,1
1387532760,1
1387534920,1
1387535460,1
1387536960,1
1387538160,1
1387538760,1
1387539360,1
1387540560,1
1387542660,1
1387543560,1
1387543800,1
1387545540,1
1387545960,2
1387546260,1
1387547760,1
1387548360,1
1387549560,1
1387550160,1
1387550820,2
1387551360,1
1387551420,1
1387551600,1
1387551960,1
1387552320,1
1387552680,1
1387553640,1
1387554780,1
1387555500,1
1387563780,1
1387569420,1
1387569780,1
1387571580,1
1387572420,1
1387573320,1
1387574460,1
1387578000,1
1387578180,1
1387579380,1
1387580640,1
1387581960,1
1387584480,1
1387587480,1
1387588440,1
1387590960,1
1387605120,1
1387615440,1
1387628640,1
1387631880,1
1387634760,1
1387637580,1
1387638720,1
1387642680,1
1387645980,1
1387646040,1
1387650360,1
1387658340,1
1387659300,1
1387661220,1
1387661700,1
1387664700,1
1387665060,1
1387665900,1
1387666140,1
1387666320,1
1387668180,1
1387671780,1
1387674840,1
1387675380,1
1387677780,1
1387714620,1
1387717740,1
1387720800,1
1387722000,1
1387722300,2
1387722900,1
1387730160,1
1387732320,1
1387732440,1
1387733520,1
1387733820,1
1387738800,1
1387739100,1
1387740660,1
1387743060,1
1387743720,1
1387743900,1
1387745580,1
1387746420,1
1387748400,1
1387748520,1
1387748820,1
1387750740,1
1387754640,1
1387758480,1
1387758540,1
1387761660,1
1387767840,1
1387774200,1
1387801260,1
1387811460,1
1387812960,1
1387816140,1
1387816260,1
1387830660,1
1387832640,1
1387836780,1
1387839420,1
1387844760,1
1387854000,1
1387861260,1
1387866660,1
1387867260,1
1387868160,1
1387869060,1
1387870260,1
1387871760,1
1387872360,1
1387873260,1
1387873860,1
1387876860,1
1387877760,1
1387879560,1
1387880760,1
1387881360,1
1387882560,1
1387883160,1
1387884060,1
1387885380,1
1387886160,1
1387889460,1
1387891380,1
1387892760,1
1387893360,1
1387893960,1
1387894920,1
1387896660,1
1387898460,1
1387900260,1
1387901340,1
1387903680,1
1387906740,1
1387908180,1
1387916160,1
1387916280,1
1387917060,1
1387918260,1
1387919100,1
1387919460,1
1387920360,1
1387920600,1
1387921260,1
1387922760,1
1387923120,1
1387925160,1
1387926360,1
1387926960,1
1387927560,1
1387928760,1
1387929540,1
1387932660,1
1387933680,1
1387936860,1
1387938060,1
1387939260,1
1387940760,1
1387941000,1
1387941960,1
1387944060,1
1387944960,1
1387946460,1
1387947360,1
1387948560,1
1387949160,1
1387954560,1
1387957560,1
1387958460,1
1387959360,1
1387960860,1
1387962960,1
1387963860,1
1387964460,1
1387965060,1
1387965660,2
1387966260,1
1387967160,1
1387968660,1
1387969860,1
1387970460,1
1387971060,1
1387971960,1
1387972560,1
1387973460,1
1387974960,1
1387975560,2
1387977060,1
1387978560,1
1387980060,1
1387981260,1
1387983360,1
1387985160,1
1387986060,1
1387986180,1
1387987560,1
1387989060,1
1387989660,1
1387990260,1
1387991160,1
1387992060,1
1387992960,1
1387994160,1
1387995060,1
1387996860,1
1388003160,1
1388004060,1
1388005560,1
1388006160,1
1388008260,1
1388009760,1
1388010660,1
1388012160,1
1388012340,1
1388015160,1
1388016060,1
1388016960,1
1388018160,1
1388019360,1
1388021460,1
1388024460,1
1388025060,1
1388025120,1
1388030160,1
1388031960,1
1388032560,1
1388036160,2
1388037060,1
1388037960,1
1388040960,1
1388043060,1
1388043960,1
1388044560,1
1388045160,1
1388046360,1
1388048460,1
1388052060,1
1388053320,1
1388054160,1
1388054760,1
1388057160,1
1388058660,1
1388059860,1
1388060760,1
1388062860,1
1388064060,1
1388064660,1
1388065320,1
1388066160,1
1388067600,1
1388067660,1
1388070660,1
1388072160,1
1388073060,1
1388074260,1
1388074740,1
1388075460,1
1388076060,1
1388076660,1
1388077560,1
1388078160,1
1388078460,1
1388079000,1
1388079300,1
1388080800,1
1388081220,1
1388081460,1
1388082120,1
1388083560,1
1388085060,1
1388086260,1
1388087460,1
1388088660,1
1388089260,1
1388090460,1
1388092200,1
1388092440,1
1388093520,1
1388094780,1
1388095380,1
1388096580,1
1388097360,1
1388098920,1
1388099340,1
1388099520,1
1388101020,1
1388103300,1
1388103720,1
1388105760,1
1388107440,1
1388107560,1
1388109360,1
1388145780,1
1388148420,1
1388151720,1
1388153880,1
1388157360,2
1388161920,1
1388162160,1
1388170260,1
1388176380,1
1388177040,1
1388177100,1
1388177520,1
1388178300,1
1388181360,2
1388186640,1
1388187960,1
1388189400,1
1388192520,1
1388193240,1
1388197560,1
1388216160,1
1388217060,1
1388220960,1
1388232000,1
1388233560,1
1388234160,1
1388234760,1
1388235660,1
1388243460,1
1388244000,1
1388247600,1
1388250060,1
1388250660,1
1388255940,1
1388256180,1
1388257560,1
1388258400,1
1388261040,1
1388261280,1
1388262840,1
1388265720,1
1388267580,1
1388267640,1
1388271360,1
1388274420,1
1388274540,1
1388274600,1
1388292300,1
1388292360,1
1388327100,1
1388327280,1
1388333520,1
1388334600,1
1388342460,1
1388344860,1
1388346960,1
1388347860,1
1388349960,1
1388352660,1
1388357460,1
1388357580,1
1388363160,1
1388364360,1
1388365860,1
1388366760,1
1388367960,1
1388369160,1
1388369760,1
1388373360,1
1388376060,1
1388378460,1
1388379660,1
1388381460,1
1388382060,1
1388384760,1
1388385360,1
1388387220,1
1388388060,1
1388389560,1
1388391060,1
1388392560,1
1388394660,1
1388395260,1
1388397060,1
1388397960,1
1388399040,1
1388400060,1
1388400660,1
1388402760,1
1388403960,1
1388405340,1
1388406120,1
1388409060,1
1388413320,1
1388418360,1
1388419200,1
1388419800,1
1388420580,1
1388421180,1
1388423220,1
1388423400,1
1388426280,1
1388426460,1
1388426880,1
1388428500,1
1388441400,1
1388442240,1
1388443080,1
1388445360,1
1388448540,2
1388449560,1
1388449860,1
1388457360,1
1388458860,2
1388459760,1
1388460360,1
1388461560,1
1388462220,2
1388462460,1
1388464260,1
1388465460,1
1388467260,1
1388469060,1
1388469660,1
1388470260,1
1388471160,1
1388472360,1
1388473260,1
1388473860,1
1388475960,1
1388478960,1
1388479560,1
1388480160,1
1388480760,1
1388482560,1
1388483760,1
1388485320,1
1388487960,1
1388488860,1
1388490360,1
1388491260,1
1388492160,1
1388494860,1
1388496960,1
1388498460,2
1388498880,1
1388499480,1
1388499660,1
1388500560,1
1388502060,2
1388502720,1
1388504400,1
1388506560,2
1388506920,1
1388507940,1
1388508660,1
1388510820,1
1388513700,1
1388515320,1
1388520360,1
1388522760,1
1388523360,1
1388526660,1
1388527560,1
1388529540,1
1388534880,1
1388534940,1
1388541960,2
1388542740,1
1388584380,1
1388585640,1
1388587920,1
1388594220,1
1388595000,1
1388597460,1
1388597760,1
1388598960,1
1388600820,1
1388601300,1
1388601720,1
1388602680,1
1388605320,1
1388612040,1
1388614200,1
1388614860,1
1388618700,1
1388620680,1
1388622060,1
1388623560,1
1388625600,1
1388664300,1
1388668560,1
1388668860,1
1388669160,1
1388669820,1
1388670600,1
1388671020,1
1388673060,1
1388673780,1
1388679360,1
1388679420,1
1388691120,1
1388691540,1
1388698200,1
1388698740,1
1388699700,1
1388699820,1
1388700060,1
1388700180,1
1388703300,1
1388716860,1
1388733360,1
1388748660,1
1388751060,1
1388751960,1
1388752560,1
1388757060,1
1388757960,1
1388758860,1
1388759460,1
1388761560,1
1388764560,1
1388766360,1
1388766660,1
1388767860,1
1388770260,1
1388771160,1
1388773260,1
1388775360,1
1388778660,1
1388779860,1
1388780460,1
1388782860,1
1388784960,1
1388786460,1
1388787660,1
1388789460,1
1388790360,1
1388793060,1
1388793960,1
1388794860,1
1388796480,1
1388800200,1
1388801160,1
1388802060,1
1388802660,1
1388805060,1
1388806260,1
1388806860,1
1388809620,1
1388810460,1
1388810760,1
1388811360,1
1388812260,1
1388813160,1
1388816460,1
1388817360,1
1388821260,1
1388825160,1
1388825760,1
1388826960,1
1388828160,1
1388831760,1
1388833560,1
1388834460,1
1388834760,1
1388835360,1
1388837160,1
1388838060,2
1388838960,1
1388840460,1
1388841060,1
1388844060,1
1388844960,1
1388848440,1
1388849520,1
1388851260,1
1388852760,1
1388853960,1
1388855760,1
1388856420,1
1388857020,1
1388858760,1
1388859660,1
1388863020,1
1388863560,1
1388865660,1
1388870460,1
1388871660,1
1388873460,1
1388874360,1
1388875560,1
1388877660,1
1388881860,1
1388883060,1
1388888460,1
1388890560,1
1388891460,1
1388892060,1
1388895060,1
1388895960,1
1388897760,1
1388898660,1
1388900220,1
1388900760,1
1388902260,1
1388904960,1
1388907660,1
1388911260,1
1388912460,2
1388914560,1
1388915160,1
1388916960,1
1388919120,1
1388920500,1
1388922060,1
1388923860,1
1388924760,1
1388926320,1
1388927280,1
1388928960,1
1388931120,1
1388931660,1
1388932560,1
1388935320,1
1388936220,1
1388937660,1
1388939220,1
1388939820,1
1388940060,1
1388943720,1
1388945220,1
1388945820,1
1388946420,1
1388947020,1
1388948520,1
1388950740,1
1388951220,1
1388952120,1
1388954220,1
1388955420,1
1388956860,1
1388957820,1
1388959020,1
1388959620,1
1388960820,1
1388961660,1
1388962320,1
1388963520,1
1388965020,1
1388965920,1
1388966280,1
1388966820,1
1388968320,1
1388969520,1
1388970120,1
1388970720,1
1388971620,1
1388972220,1
1388973420,1
1388976720,1
1388977320,1
1388977560,1
1388978220,1
1388978820,1
1388979420,1
1388980620,1
1389000240,1
1389008760,1
1389010020,1
1389018060,1
1389018480,1
1389025620,1
1389025860,1
1389030000,1
1389031920,1
1389036120,1
1389036960,1
1389037080,1
1389044100,1
1389044520,1
1389047100,1
1389047460,1
1389047520,1
1389054180,1
1389064260,1
1389066120,1
1389067320,1
1389067920,1
1389068520,1
1389070320,1
1389071220,1
1389072120,1
1389073620,1
1389076020,1
1389076620,1
1389077520,1
1389080520,1
1389082020,1
1389082920,1
1389083820,1
1389084420,1
1389085620,1
1389086760,1
1389088020,1
1389090720,1
1389091920,1
1389092820,1
1389094620,1
1389095520,1
1389097020,1
1389099120,1
1389099900,1
1389100920,1
1389101160,1
1389102420,1
1389103620,1
1389105060,1
1389105540,1
1389108660,1
1389110280,1
1389110520,1
1389111420,2
1389111900,1
1389112320,1
1389113520,1
1389114000,1
1389114060,1
1389114960,1
1389115560,1
1389117120,1
1389118260,1
1389118620,1
1389119460,1
1389120420,1
1389121200,1
1389121320,1
1389122160,1
1389123960,1
1389126120,1
1389126720,1
1389129600,1
1389130200,1
1389130500,1
1389132900,1
1389142560,1
1389144120,1
1389144780,1
1389146340,1
1389152160,1
1389156360,1
1389157260,1
1389157860,1
1389161460,1
1389162060,1
1389163620,1
1389164520,1
1389165420,1
1389166320,1
1389167760,1
1389169260,1
1389171360,1
1389172560,1
1389174360,1
1389175560,1
1389176100,1
1389176520,1
1389178020,1
1389178560,1
1389180420,1
1389181560,1
1389183120,1
1389184620,1
1389186660,1
1389186960,1
1389188760,1
1389190560,1
1389191160,1
1389194220,1
1389195720,1
1389197700,1
1389198840,1
1389199260,1
1389200160,1
1389200760,1
1389201480,1
1389202140,1
1389202560,1
1389202920,1
1389205860,1
1389206820,1
1389208020,1
1389209160,1
1389209760,1
1389210000,1
1389213960,1
1389214560,1
1389216120,1
1389217800,1
1389221760,1
1389222660,1
1389223260,1
1389225060,1
1389225180,1
1389225660,1
1389226260,1
1389227820,1
1389228360,1
1389229020,1
1389230160,1
1389234360,1
1389235620,1
1389237960,1
1389240060,1
1389241260,1
1389244380,1
1389245520,1
1389246360,1
1389247260,1
1389250020,1
1389253560,1
1389255360,1
1389256260,1
1389258060,1
1389258660,1
1389259260,1
1389259860,1
1389261960,1
1389262020,1
1389264360,1
1389265560,1
1389266460,1
1389268260,1
1389269160,1
1389269280,1
1389270660,1
1389271260,1
1389272160,1
1389272340,1
1389273780,2
1389274800,1
1389274860,1
1389274980,1
1389275100,1
1389275460,1
1389276060,1
1389278760,1
1389280260,1
1389281160,1
1389282660,1
1389283740,1
1389283860,1
1389286260,1
1389286380,1
1389286860,1
1389287460,1
1389288360,2
1389289560,1
1389290760,1
1389291660,1
1389292560,1
1389295560,1
1389296040,1
1389296160,1
1389296760,1
1389298440,1
1389298860,1
1389301260,1
1389301440,1
1389303960,1
1389304320,1
1389304560,1
1389305220,1
1389305940,1
1389306900,1
1389308520,1
1389308880,1
1389309240,1
1389309720,1
1389312360,1
1389316380,1
1389325560,1
1389336360,1
1389350400,1
1389358860,1
1389359100,1
1389359520,1
1389360000,1
1389360180,1
1389360960,1
1389361560,3
1389362160,1
1389362760,1
1389364260,1
1389365460,1
1389366060,1
1389368460,1
1389370260,1
1389371160,1
1389371760,1
1389372360,1
1389373620,1
1389374160,1
1389375060,1
1389379560,1
1389381060,1
1389388380,1
1389390060,1
1389390660,1
1389392580,1
1389392700,1
1389392760,1
1389395340,1
1389403380,1
1389409800,1
1389409860,1
1389410760,1
1389417660,1
1389454320,1
1389456420,1
1389460500,1
1389461160,1
1389461760,1
1389464760,1
1389465840,1
1389469680,1
1389473400,1
1389473880,1
1389475440,1
1389487380,1
1389488700,1
1389497580,1
1389529200,1
1389535860,1
1389543660,1
1389544260,1
1389544860,1
1389545460,1
1389546060,1
1389546900,2
1389547200,1
1389548400,1
1389548880,1
1389549420,1
1389552780,1
1389554700,1
1389555840,1
1389556200,1
1389556920,1
1389557640,1
1389558960,1
1389560940,1
1389561120,1
1389563280,1
1389563580,1
1389565560,1
1389566160,1
1389567960,1
1389570360,1
1389570960,1
1389572460,1
1389573060,1
1389574860,1
1389575760,1
1389576660,1
1389577560,1
1389578760,1
1389579360,1
1389582060,1
1389582480,1
1389582960,1
1389583320,1
1389583860,1
1389585660,1
1389586260,1
1389587160,1
1389588660,1
1389590460,1
1389591060,1
1389591660,1
1389592560,1
1389596160,1
1389597360,1
1389601260,1
1389603060,1
1389604860,1
1389605520,1
1389605760,1
1389606360,1
1389607860,1
1389609060,1
1389609660,1
1389611460,1
1389612660,1
1389613860,1
1389614820,1
1389616320,1
1389617820,1
1389619440,1
1389620040,1
1389620580,2
1389620640,1
1389621180,1
1389621540,1
1389621660,1
1389621780,1
1389623040,1
1389624660,2
1389625080,1
1389626220,1
1389626280,1
1389626700,1
1389626940,1
1389634560,1
1389637020,1
1389646020,1
1389647760,1
1389647940,1
1389649740,1
1389650880,1
1389652440,1
1389652500,1
1389653280,1
1389654060,1
1389654660,1
1389655020,1
1389657000,1
1389657420,1
1389657960,1
1389665700,1
1389669960,1
1389671460,1
1389672060,1
1389672960,1
1389673860,1
1389676860,1
1389677760,1
1389678660,1
1389679560,1
1389681660,1
1389684660,1
1389687360,1
1389688260,1
1389691860,1
1389694920,1
1389696360,1
1389696960,1
1389697560,1
1389700260,1
1389701100,1
1389702060,1
1389703260,1
1389703860,1
1389704400,1
1389704820,1
1389705360,1
1389705600,1
1389707100,1
1389707760,1
1389709260,1
1389710760,1
1389711360,1
1389712560,1
1389713760,1
1389714360,1
1389715680,1
1389716160,1
1389717240,1
1389717600,1
1389727620,1
1389731460,1
1389732660,1
1389733500,1
1389733860,1
1389735480,1
1389736980,1
1389738060,1
1389755460,1
1389768360,1
1389769260,1
1389771360,1
1389772860,1
1389774660,1
1389775020,1
1389775860,1
1389776760,1
1389779160,1
1389787740,1
1389790620,1
1389791160,1
1389791460,1
1389791700,1
1389792060,1
1389792300,1
1389792360,1
1389793140,1
1389793500,1
1389793620,1
1389793860,1
1389794460,2
1389795000,1
1389795060,1
1389795720,1
1389795960,1
1389796260,1
1389796680,1
1389797940,1
1389798900,1
1389798960,2
1389800460,1
1389801360,2
1389803280,1
1389803640,1
1389805560,1
1389806340,1
1389806520,1
1389808740,1
1389810540,1
1389813060,1
1389817500,1
1389821100,1
1389821760,1
1389823920,1
1389824340,1
1389828060,1
1389828240,1
1389828960,1
1389829860,2
1389830580,1
1389831660,1
1389832560,1
1389833340,1
1389833760,1
1389834960,1
1389835560,1
1389836460,1
1389837960,1
1389838140,1
1389839160,2
1389839760,1
1389840840,1
1389841440,1
1389842460,1
1389843060,1
1389843660,1
1389844260,1
1389844860,1
1389845460,1
1389846360,1
1389847260,1
1389847860,1
1389849360,1
1389850260,1
1389851160,1
1389852960,1
1389853560,1
1389855360,1
1389856860,1
1389858360,1
1389859260,1
1389861060,2
1389865860,1
1389868260,1
1389874260,1
1389876120,1
1389877860,1
1389879000,1
1389879240,1
1389879420,1
1389879540,1
1389879960,1
1389880080,1
1389880260,1
1389881040,1
1389881760,1
1389882360,1
1389883560,1
1389885240,1
1389886260,1
1389887040,2
1389887820,1
1389889980,1
1389891060,1
1389891660,1
1389893460,1
1389893880,1
1389897300,1
1389897960,1
1389900660,1
1389900900,1
1389901860,1
1389902460,1
1389902760,1
1389904560,1
1389906120,1
1389906960,2
1389909600,1
1389909660,1
1389909840,1
1389910080,1
1389910140,1
1389910260,1
1389911400,1
1389911520,1
1389912360,1
1389915060,1
1389916800,1
1389916860,2
1389917460,1
1389918780,1
1389918960,1
1389919560,1
1389921000,1
1389921060,1
1389922020,1
1389925140,1
1389925320,1
1389925800,1
1389927960,1
1389928560,1
1389930120,1
1389930960,1
1389932940,1
1389933360,1
1389936360,1
1389939360,1
1389943560,1
1389944460,1
1389946260,1
1389948060,1
1389949260,2
1389951960,1
1389952560,1
1389954600,1
1389955260,1
1389955860,1
1389957360,1
1389957960,1
1389958560,1
1389961260,1
1389963060,1
1389963300,1
1389964560,1
1389965100,1
1389965220,1
1389965640,1
1389965820,1
1389966180,2
1389966240,1
1389966660,2
1389967320,1
1389967380,1
1389968160,1
1389970260,1
1389970620,1
1389971460,1
1389972060,1
1389981300,1
1389983760,1
1389987480,1
1389988140,1
1389991800,1
1389992100,1
1389994560,1
1389996300,1
1389997260,1
1389997380,1
1389998040,1
1389999780,1
1390002180,1
1390004400,1
1390005480,1
1390007760,1
1390015320,1
1390069680,1
1390078260,1
1390078380,2
1390080180,1
1390081560,1
1390085220,1
1390091580,1
1390093680,1
1390095060,1
1390095660,1
1390097760,1
1390098360,1
1390098960,1
1390101360,1
1390102260,2
1390102860,1
1390105260,1
1390109160,1
1390110060,1
1390112760,1
1390113360,1
1390114560,1
1390119660,1
1390120560,1
1390122360,1
1390124760,1
1390125660,1
1390126980,1
1390128660,1
1390129560,1
1390131660,1
1390133160,1
1390134000,1
1390134060,1
1390135260,1
1390136460,1
1390137960,1
1390141200,1
1390141260,1
1390143360,1
1390146660,2
1390148040,1
1390148160,1
1390149240,1
1390149900,1
1390149960,2
1390150860,1
1390152660,1
1390153080,1
1390154160,1
1390155060,1
1390155300,1
1390158360,1
1390159320,1
1390161180,1
1390164720,1
1390170600,1
1390184700,1
1390185960,1
1390187220,1
1390193760,1
1390216860,1
1390219560,1
1390224900,1
1390225140,1
1390225500,1
1390227240,2
1390227420,1
1390231980,1
1390235520,1
1390237560,1
1390237740,1
1390240320,1
1390240560,1
1390241160,1
1390241760,1
1390242420,1
1390247340,1
1390249680,1
1390254600,1
1390257480,1
1390258860,1
1390260060,1
1390261560,1
1390262460,1
1390265460,1
1390273500,1
1390273560,1
1390274100,1
1390296420,1
1390302780,1
1390302960,1
1390308660,1
1390310820,2
1390311900,1
1390385460,1
1390397160,1
1390417560,1
1390446060,1
1390446660,1
1390448160,1
1390448760,1
1390452360,1
1390452960,1
1390454460,1
1390455660,1
1390458060,1
1390461360,1
1390463160,1
1390464360,1
1390465560,1
1390469760,1
1390470960,1
1390472760,1
1390473960,1
1390474560,1
1390475460,1
1390477260,1
1390478160,1
1390479360,1
1390479960,1
1390483560,1
1390485000,1
1390485360,1
1390486860,1
1390491240,1
1390491660,1
1390492860,1
1390494360,1
1390494480,1
1390495560,1
1390507320,1
1390507560,1
1390509960,1
1390512060,1
1390516200,1
1390519140,1
1390524660,1
1390525560,1
1390526460,1
1390527360,1
1390528260,1
1390529160,1
1390529760,1
1390530360,1
1390530720,1
1390530960,1
1390531860,1
1390533360,1
1390535460,1
1390539060,1
1390540860,1
1390541460,1
1390542960,1
1390544160,1
1390544760,1
1390545660,1
1390546560,1
1390548060,1
1390550760,1
1390551660,1
1390553460,1
1390554060,1
1390555860,1
1390556460,1
1390560060,1
1390562460,1
1390565160,1
1390568760,1
1390569420,1
1390569840,1
1390571100,1
1390573260,1
1390576260,1
1390576980,1
1390577460,1
1390578360,1
1390580400,1
1390581120,1
1390581960,1
1390598640,1
1390602420,1
1390606980,1
1390613400,1
1390660920,1
1390661640,1
1390665540,1
1390666080,1
1390667100,1
1390667220,1
1390668900,1
1390672860,1
1390676280,1
1390680720,1
1390695360,1
1390697820,1
1390739160,1
1390746120,1
1390759140,1
1390761060,1
1390766460,1
1390773300,1
1390773540,1
1390779960,1
1390792260,1
1390792920,1
1390793520,1
1390797240,1
1390797660,1
1390799160,1
1390800060,1
1390803660,1
1390804560,1
1390806660,1
1390807860,1
1390808460,1
1390813020,1
1390814220,1
1390815660,1
1390817460,1
1390818120,1
1390818360,1
1390818960,1
1390820460,1
1390821120,1
1390821960,1
1390822860,1
1390829040,1
1390829640,1
1390829700,1
1390830240,1
1390831980,1
1390844160,1
1390844460,1
1390845660,1
1390846140,1
1390847160,1
1390847760,1
1390861440,1
1390864200,1
1390864920,1
1390865160,1
1390866420,1
1390866540,1
1390867560,1
1390869600,1
1390880700,1
1390885860,1
1390889160,1
1390891020,1
1390893120,1
1390895160,1
1390896660,1
1390897260,1
1390898160,1
1390901160,1
1390902960,1
1390903860,1
1390904820,1
1390905960,1
1390906860,1
1390907520,1
1390908060,1
1390908660,1
1390909560,1
1390910460,1
1390911060,1
1390911960,1
1390912620,1
1390914660,2
1390916400,1
1390916460,1
1390917360,1
1390920960,1
1390926420,1
1390941840,1
1390944180,1
1390947960,1
1390948860,1
1390949760,1
1390951860,1
1390953360,1
1390953540,1
1390956660,1
1390957020,1
1390959060,1
1390959360,1
1390961880,1
1390962360,1
1390962960,1
1390963860,1
1390964760,1
1390972560,1
1390973160,1
1390974660,1
1390975560,1
1390976460,1
1390977660,1
1390979760,1
1390980660,1
1390983360,1
1390983960,1
1390985160,1
1390985760,1
1390986660,1
1390987560,1
1390988760,1
1390989960,1
1390995660,1
1390997160,1
1391001480,1
1391001720,1
1391001840,1
1391002740,1
1391003880,1
1391004960,1
1391005500,1
1391007180,1
1391009160,1
1391012160,1
1391012580,1
1391013840,1
1391015880,1
1391018220,1
1391018280,1
1391019960,1
1391020680,1
1391022720,1
1391024040,1
1391024340,1
1391024580,1
1391026500,1
1391031900,1
1391033340,1
1391034720,1
1391035200,1
1391041260,1
1391044200,1
1391051400,1
1391053560,1
1391054460,1
1391055360,1
1391055960,1
1391057460,1
1391058660,1
1391061960,1
1391063160,1
1391066760,1
1391067360,1
1391068260,1
1391069760,1
1391072460,1
1391074260,1
1391074860,1
1391077800,1
1391081460,1
1391087160,1
1391087520,1
1391087940,1
1391088120,1
1391088300,1
1391089560,1
1391089620,1
1391091540,1
1391092080,2
1391101080,1
1391101380,1
1391103960,1
1391104260,1
1391111460,1
1391114640,1
1391117280,1
1391118060,1
1391118420,1
1391120760,1
1391122860,1
1391123460,1
1391123760,1
1391124360,1
1391128860,1
1391131140,1
1391132400,1
1391132460,1
1391133060,1
1391134560,1
1391135160,1
1391136360,1
1391138460,1
1391140860,1
1391142960,1
1391146260,1
1391147160,1
1391148660,1
1391151060,1
1391154060,1
1391155260,1
1391157960,1
1391158860,1
1391162760,1
1391163960,1
1391165220,1
1391166060,1
1391167860,1
1391168460,1
1391169960,1
1391171460,1
1391173440,1
1391174760,1
1391175660,1
1391175720,1
1391176080,1
1391176200,1
1391176860,1
1391177460,1
1391177760,1
1391178180,1
1391178300,1
1391178960,1
1391180520,1
1391181420,1
1391182140,1
1391182260,1
1391183160,1
1391184840,1
1391184960,1
1391188080,1
1391191740,1
1391195220,1
1391203560,1
1391206620,1
1391207460,1
1391207880,1
1391209080,1
1391209800,1
1391223660,1
1391225160,1
1391226060,1
1391229060,1
1391229960,1
1391230140,1
1391231160,1
1391232060,1
1391234160,1
1391240160,1
1391243160,1
1391244420,1
1391245620,1
1391246160,1
1391246760,1
1391247360,1
1391251860,1
1391257860,1
1391259060,1
1391260860,1
1391260920,1
1391264160,1
1391265360,1
1391266140,1
1391266260,1
1391266980,1
1391267760,2
1391268660,1
1391268900,1
1391269260,1
1391270160,1
1391270880,1
1391271660,1
1391278680,1
1391282580,1
1391283600,1
1391286180,1
1391290080,1
1391291820,1
1391291880,1
1391294040,1
1391294940,1
1391311680,1
1391312220,1
1391312400,2
1391316660,1
1391343840,1
1391350740,1
1391351580,1
1391353320,1
1391356500,1
1391362260,1
1391363880,1
1391366880,1
1391367660,1
1391368560,1
1391370540,1
1391371200,1
1391371800,1
1391375820,1
1391376780,1
1391377320,1
1391377560,1
1391380200,1
1391382060,1
1391400660,1
1391402880,1
1391410320,1
1391418540,1
1391434380,1
1391434440,1
1391443320,1
1391444460,1
1391451000,1
1391464800,1
1391465280,1
1391467980,1
1391469180,1
1391478720,1
1391498040,1
1391513880,1
1391517480,1
1391518560,1
1391523360,1
1391527740,1
1391531280,1
1391548620,1
1391553660,1
1391559240,1
1391570940,1
1391582520,1
1391607780,1
1391617800,1
1391622600,1
1391631540,1
1391635800,1
1391637960,1
1391641560,1
1391641860,1
1391656680,1
1391667360,1
1391688360,1
1391688420,1
1391688540,1
1391688600,1
1391688660,2
1391688780,1
1391688840,1
1391688900,2
1391688960,2
1391689020,2
1391689080,2
1391689140,1
1391689200,3
1391689260,1
1391693760,1
1391693940,1
1391694660,1
1391695020,1
1391695860,1
1391696940,1
1391699460,1
1391701260,1
1391702940,1
1391703900,1
1391707020,1
1391707260,2
1391707740,1
1391708820,1
1391714160,1
1391714760,1
1391715420,1
1391715960,1
1391722380,1
1391725020,1
1391725980,1
1391727780,1
1391728140,1
1391729160,1
1391729760,1
1391735160,1
1391742060,1
1391746020,2
1391763960,1
1391778780,1
1391779560,1
1391779620,2
1391780520,1
1391780640,1
1391780760,1
1391781180,1
1391782320,1
1391782620,1
1391784480,1
1391789460,1
1391795760,1
1391798820,1
1391804220,1
1391811900,1
1391812620,1
1391813160,1
1391814240,1
1391815440,1
1391821860,1
1391826960,1
1391830080,1
1391841360,1
1391853360,1
1391871600,1
1391873160,1
1391873460,1
1391873580,1
1391875620,2
1391875860,1
1391876880,1
1391877240,1
1391878140,1
1391880420,1
1391881800,1
1391884560,1
1391886060,1
1391888520,1
1391892780,1
1391894340,1
1391897160,1
1391897640,1
1391899560,1
1391902020,1
1391906040,1
1391909100,1
1391912160,1
1391915520,1
1391916060,1
1391916660,1
1391917740,1
1391919120,2
1391943060,1
1391943660,1
1391951700,1
1391955900,1
1391956560,1
1391959560,1
1391959620,1
1391962500,1
1391962740,1
1391963220,1
1391967420,1
1391971980,1
1391972160,1
1391978880,1
1391980680,1
1391982780,1
1391990160,1
1391994540,1
1392002160,1
1392012060,1
1392034980,1
1392039720,1
1392039960,1
1392041580,1
1392046440,1
1392066360,1
1392070080,1
1392071400,1
1392071700,1
1392072660,1
1392075120,1
1392082020,1
1392088200,1
1392089160,1
1392089340,1
1392095160,1
1392102060,1
1392112560,1
1392117300,1
1392119760,1
1392122640,1
1392123060,1
1392123360,1
1392125940,1
1392126120,1
1392129060,1
1392132840,1
1392136200,1
1392139380,1
1392145680,1
1392146820,1
1392149760,1
1392157260,1
1392162660,1
1392167160,1
1392204840,1
1392208260,1
1392211500,1
1392211560,1
1392212460,1
1392212700,1
1392213000,1
1392214920,1
1392216300,1
1392219840,1
1392225600,1
1392232080,1
1392233280,1
1392238680,1
1392242280,1
1392243720,1
1392246300,1
1392253800,1
1392260400,1
1392262080,1
1392292620,1
1392352560,1
1392357960,1
1392360660,1
1392383160,1
1392391680,1
1392395220,1
1392400380,1
1392400620,1
1392412140,1
1392412260,1
1392413400,1
1392416640,1
1392422340,1
1392446160,1
1392456360,1
1392464460,1
1392464820,1
1392468660,1
1392475560,1
1392477600,1
1392480720,1
1392485160,1
1392493680,1
1392494940,1
1392528540,1
1392536760,1
1392540360,1
1392565260,1
1392575280,1
1392581220,1
1392582780,1
1392585000,1
1392585600,1
1392606720,1
1392606840,1
1392615360,1
1392639120,1
1392639660,1
1392642660,1
1392643260,1
1392644580,1
1392645300,1
1392647520,1
1392651360,1
1392652740,1
1392653280,1
1392653520,1
1392653940,1
1392654240,1
1392655860,1
1392656220,1
1392664080,1
1392673980,1
1392675780,1
1392677040,1
1392677580,1
1392685860,1
1392691020,1
1392693180,1
1392695280,1
1392698160,1
1392699600,1
1392707460,2
1392707520,1
1392740220,1
1392742140,1
1392743760,1
1392751800,1
1392758940,1
1392761400,1
1392769500,1
1392780780,1
1392792660,1
1392800460,1
1392801660,1
1392807060,1
1392807900,1
1392809820,1
1392814260,1
1392816240,1
1392817320,1
1392817860,1
1392817980,1
1392819120,1
1392819420,1
1392820620,1
1392825540,1
1392826680,1
1392830760,1
1392838680,1
1392843540,1
1392851880,1
1392852420,1
1392855900,1
1392858840,1
1392867360,1
1392877140,1
1392897540,1
1392898200,1
1392902940,2
1392903360,1
1392903540,1
1392903720,1
1392904560,1
1392904800,1
1392905220,1
1392906480,1
1392906900,1
1392907020,1
1392909660,1
1392909960,1
1392918000,1
1392924960,1
1392937740,1
1392939780,1
1392939960,1
1392945120,1
1392952500,1
1392953640,1
1392979620,1
1392986220,1
1392986820,1
1392988980,1
1392989820,1
1392990180,1
1392990240,1
1392999360,1
1393002120,1
1393011120,2
1393017960,1
1393021260,1
1393023180,1
1393027860,1
1393031520,1
1393036920,1
1393039860,1
1393041060,1
1393042260,1
1393042860,1
1393045020,1
1393046820,1
1393048860,1
1393049760,1
1393051860,1
1393053060,1
1393054020,1
1393055160,1
1393056360,1
1393057860,1
1393058820,1
1393060560,1
1393062060,1
1393062660,1
1393063860,1
1393065660,1
1393067760,1
1393068780,1
1393069980,1
1393071060,1
1393072080,1
1393072260,1
1393072860,1
1393073760,1
1393074660,1
1393075320,1
1393075860,1
1393076940,1
1393084260,1
1393085820,2
1393087080,1
1393088220,1
1393089240,1
1393092780,1
1393097400,1
1393097760,1
1393098180,1
1393098600,1
1393102440,1
1393102680,1
1393103520,1
1393113360,1
1393114860,1
1393117500,1
1393126200,1
1393133940,1
1393157760,1
1393162260,1
1393164960,1
1393166700,1
1393169640,1
1393177260,1
1393186500,1
1393186920,1
1393191060,1
1393191600,1
1393192020,1
1393194180,1
1393194540,1
1393199220,1
1393202640,1
1393206840,1
1393207740,1
1393210320,1
1393211160,1
1393213500,1
1393218840,1
1393240620,1
1393243740,1
1393245420,1
1393246800,1
1393247400,1
1393248660,1
1393249380,1
1393251420,1
1393254120,1
1393255980,1
1393268580,1
1393273200,1
1393276080,1
1393281060,1
1393291440,1
1393295280,1
1393300140,1
1393328760,1
1393331940,1
1393332060,1
1393333500,1
1393333980,1
1393334340,1
1393334760,1
1393334880,1
1393335120,1
1393335660,2
1393335720,1
1393335960,1
1393336440,1
1393336560,1
1393337760,1
1393338660,1
1393339560,1
1393340160,1
1393342140,1
1393343340,1
1393343760,1
1393344180,1
1393344360,1
1393344540,1
1393347000,1
1393357860,1
1393363200,1
1393365540,1
1393367460,2
1393367880,1
1393375260,1
1393376100,1
1393380660,1
1393383360,1
1393384560,1
1393385700,1
1393392360,1
1393393260,1
1393393860,1
1393395060,1
1393396260,1
1393397160,1
1393400160,1
1393402260,1
1393403460,1
1393406160,1
1393420560,1
1393420980,1
1393421040,1
1393421100,1
1393421460,1
1393421640,1
1393421880,1
1393422060,1
1393422360,1
1393423380,1
1393423980,1
1393425300,1
1393426620,1
1393429860,1
1393431660,1
1393431960,1
1393434540,1
1393436400,1
1393441800,1
1393442040,1
1393449060,1
1393451160,1
1393453020,1
1393453080,1
1393453920,1
1393463460,1
1393468560,1
1393469160,1
1393470360,1
1393470960,1
1393472760,1
1393473360,1
1393474260,1
1393475760,1
1393476360,1
1393479960,1
1393480860,1
1393482060,1
1393484160,1
1393485960,1
1393487760,1
1393488660,1
1393490460,1
1393491960,1
1393492860,1
1393494660,1
1393498560,1
1393500360,1
1393501260,1
1393502460,1
1393503000,1
1393503900,1
1393504260,1
1393506240,1
1393506660,1
1393506780,1
1393507260,2
1393508640,1
1393508760,1
1393508820,1
1393508880,1
1393509300,1
1393509360,1
1393509480,1
1393510800,1
1393512660,1
1393514880,1
1393517160,1
1393517340,1
1393518960,1
1393521060,1
1393524960,1
1393526280,1
1393526460,1
1393527660,1
1393528500,1
1393529460,1
1393530060,1
1393531560,1
1393532760,1
1393536960,1
1393543860,1
1393544460,1
1393545660,1
1393546200,1
1393546560,1
1393547040,1
1393549560,1
1393550040,1
1393554960,1
1393556760,1
1393557660,1
1393558560,1
1393563960,1
1393564560,1
1393565460,1
1393570260,1
1393572360,1
1393573860,1
1393575960,1
1393577760,1
1393579860,1
1393580760,1
1393588680,1
1393590060,1
1393594020,1
1393594380,1
1393594560,1
1393594680,1
1393594740,1
1393595220,1
1393597560,1
1393598400,2
1393599060,1
1393599240,1
1393599660,1
1393600440,1
1393600560,1
1393603740,1
1393603800,2
1393606860,1
1393607700,1
1393607760,1
1393609560,1
1393610160,1
1393610700,1
1393611540,1
1393611660,1
1393614660,1
1393618260,1
1393620360,1
1393622460,1
1393624560,1
1393625160,1
1393625400,1
1393626960,1
1393628460,1
1393629660,1
1393631280,1
1393633260,1
1393635360,1
1393682460,1
1393683840,1
1393689060,1
1393689180,1
1393690320,1
1393692060,1
1393693320,1
1393693560,1
1393693920,1
1393694940,1
1393700760,2
1393705020,1
1393705260,1
1393705680,1
1393706280,1
1393708500,1
1393709280,1
1393709340,1
1393709460,1
1393713240,1
1393717080,1
1393718040,1
1393720260,1
1393722720,1
1393724760,1
1393729620,1
1393730700,1
1393738080,1
1393762740,1
1393768920,1
1393770420,1
1393770900,2
1393771260,1
1393776900,1
1393778040,1
1393782780,1
1393787460,1
1393787640,1
1393788180,1
1393788900,2
1393795320,1
1393796400,1
1393797720,1
1393801080,1
1393806300,1
1393807800,1
1393808640,1
1393818540,1
1393825860,1
1393834560,1
1393838880,1
1393848540,1
1393851240,1
1393851420,1
1393852500,1
1393853280,1
1393854120,1
1393854480,1
1393856160,1
1393874760,1
1393878120,1
1393879500,1
1393879860,1
1393881060,1
1393881360,1
1393882500,1
1393882860,1
1393886100,1
1393887480,1
1393890060,1
1393890360,1
1393891860,1
1393894260,1
1393895160,1
1393896660,1
1393896960,1
1393899060,1
1393899660,1
1393901400,1
1393901760,1
1393902660,1
1393903860,1
1393905660,1
1393907160,1
1393909860,1
1393911060,1
1393911120,1
1393912260,1
1393917360,1
1393919760,1
1393920960,1
1393923360,1
1393924560,1
1393925520,1
1393931820,1
1393934760,1
1393938060,1
1393938360,1
1393938780,1
1393939140,1
1393940580,1
1393941300,1
1393943160,1
1393943760,1
1393944600,1
1393945140,1
1393946340,1
1393947600,1
1393948200,1
1393949460,1
1393952880,1
1393954320,1
1393960020,1
1393960980,1
1393961580,1
1393963200,1
1393963260,1
1393964580,1
1393967340,1
1393971240,1
1393978680,1
1393981560,1
1393984680,1
1393989180,1
1393994460,1
1394003460,1
1394006460,1
1394012400,1
1394013660,1
1394018580,1
1394021400,1
1394023920,1
1394023980,1
1394027220,2
1394027340,1
1394027700,1
1394027940,1
1394028600,1
1394029140,1
1394029320,1
1394030220,1
1394032200,1
1394032560,1
1394033100,1
1394033160,1
1394033880,1
1394036100,1
1394036400,1
1394038860,1
1394044500,1
1394057520,1
1394058300,1
1394058900,1
1394063880,1
1394065380,1
1394075820,2
1394077620,1
1394107620,1
1394110980,1
1394112300,1
1394112960,2
1394113140,1
1394113320,1
1394113680,1
1394113920,1
1394114220,1
1394115480,1
1394117760,1
1394118960,1
1394119020,1
1394119560,1
1394119680,1
1394121000,1
1394121180,1
1394121360,1
1394121960,1
1394122320,1
1394122380,1
1394122560,1
1394123760,1
1394126820,1
1394127420,1
1394128620,1
1394129220,1
1394129880,1
1394130600,1
1394131920,1
1394134020,1
1394147100,1
1394150640,1
1394152920,1
1394153820,2
1394154420,1
1394154600,1
1394155620,1
1394156220,1
1394157720,1
1394158920,1
1394159820,1
1394161020,1
1394161620,2
1394162820,2
1394164260,1
1394164320,1
1394164920,1
1394165580,1
1394165820,2
1394166420,2
1394167020,1
1394168220,1
1394169420,1
1394170620,1
1394171220,2
1394172420,1
1394173920,1
1394174820,1
1394175420,1
1394176320,1
1394177820,2
1394179320,2
1394180220,2
1394181420,1
1394182020,1
1394182620,1
1394183520,1
1394183820,2
1394184720,1
1394185620,1
1394187120,1
1394188740,1
1394189220,1
1394189820,1
1394190720,1
1394192220,1
1394194320,1
1394195220,1
1394195760,1
1394195880,1
1394196600,1
1394196720,1
1394196900,1
1394197260,1
1394197620,2
1394197740,1
1394199120,1
1394199420,1
1394199660,1
1394199720,2
1394201220,1
1394201820,1
1394202000,1
1394202360,1
1394203020,1
1394204220,2
1394204820,2
1394206500,1
1394206920,1
1394207220,1
1394209140,1
1394209320,1
1394209920,1
1394211420,1
1394211720,1
1394212260,1
1394212860,1
1394214000,1
1394214060,1
1394214120,1
1394215020,1
1394217960,1
1394220600,1
1394222880,1
1394226960,1
1394229180,1
1394229540,1
1394229960,1
1394230140,1
1394230740,1
1394230800,1
1394233140,1
1394236320,1
1394238120,1
1394241000,1
1394246220,1
1394247420,1
1394248020,1
1394248920,1
1394250360,1
1394251320,2
1394251380,1
1394251860,1
1394253420,1
1394254320,1
1394255220,1
1394256720,1
1394257920,1
1394260320,1
1394260860,1
1394266620,1
1394267760,1
1394269020,1
1394270160,1
1394271120,1
1394272260,1
1394273220,1
1394275860,1
1394277120,1
1394281260,1
1394283720,1
1394284860,1
1394285760,1
1394287560,1
1394288520,1
1394289900,1
1394290020,1
1394290320,1
1394292420,1
1394293620,1
1394295480,1
1394296380,1
1394297580,1
1394299140,1
1394301960,1
1394305620,1
1394311140,1
1394311200,1
1394311620,1
1394313480,1
1394315820,1
1394316600,1
1394319300,1
1394319780,1
1394321880,1
1394322420,1
1394323380,1
1394324340,1
1394327340,1
1394335440,1
1394339640,1
1394343600,1
1394347560,1
1394348340,1
1394350560,1
1394351160,1
1394353560,1
1394354760,1
1394357160,1
1394357820,1
1394362260,1
1394363880,1
1394367840,1
1394371260,1
1394385300,1
1394389320,2
1394391120,1
1394391840,1
1394392080,1
1394394960,1
1394397660,1
1394398260,1
1394398920,1
1394399580,1
1394402760,1
1394403900,1
1394405040,2
1394410260,1
1394417160,1
1394418720,1
1394419860,1
1394422560,1
1394423100,1
1394424360,1
1394426520,1
1394429160,1
1394429760,1
1394433360,1
1394434260,1
1394435460,1
1394436360,1
1394437560,1
1394438160,1
1394439060,1
1394439360,1
1394440860,1
1394443440,1
1394445360,1
1394446260,1
1394447760,1
1394448360,1
1394449860,1
1394450460,1
1394453940,1
1394454480,1
1394454540,2
1394456100,1
1394457360,1
1394457600,1
1394461260,1
1394462220,1
1394462880,1
1394463540,1
1394464560,1
1394464800,1
1394465280,1
1394465460,1
1394469120,1
1394471340,1
1394473680,1
1394474940,2
1394475420,1
1394476560,1
1394477760,1
1394479080,1
1394482260,1
1394483100,1
1394484840,1
1394485020,1
1394486700,1
1394486940,1
1394487060,1
1394487180,1
1394487540,1
1394490360,1
1394496960,1
1394497200,1
1394500500,1
1394503080,2
1394504760,1
1394505480,1
1394505660,1
1394506560,1
1394507460,1
1394508960,1
1394511960,1
1394512560,1
1394513460,1
1394515140,1
1394518260,1
1394518860,1
1394521260,1
1394524860,1
1394525460,1
1394526060,1
1394526480,1
1394527560,1
1394528160,1
1394530260,1
1394531460,1
1394532060,1
1394534760,1
1394537160,1
1394537220,1
1394537280,1
1394538840,1
1394540400,2
1394540520,1
1394541180,2
1394541660,1
1394542380,1
1394543220,1
1394544300,1
1394544660,1
1394544900,1
1394547000,1
1394548800,1
1394549400,1
1394551020,1
1394551560,1
1394551740,1
1394552520,1
1394553360,1
1394557620,1
1394562180,1
1394562660,1
1394562720,1
1394565540,1
1394565780,1
1394573040,1
1394575560,1
1394577120,1
1394577420,1
1394578140,1
1394580360,1
1394584260,1
1394587140,1
1394587620,1
1394593620,1
1394595960,1
1394604660,3
1394604720,4
1394604780,4
1394604840,3
1394604900,4
1394605440,1
1394605500,1
1394613480,1
1394620020,1
1394621880,1
1394622540,1
1394623560,1
1394625780,1
1394628360,1
1394628420,1
1394628960,1
1394629320,1
1394629860,2
1394634600,1
1394635440,1
1394643300,1
1394648160,1
1394652480,1
1394655720,1
1394661180,1
1394669820,1
1394701620,1
1394708400,1
1394708700,1
1394710920,1
1394712600,1
1394713560,1
1394714760,1
1394715420,1
1394731200,1
1394742120,1
1394745780,1
1394749200,1
1394749320,1
1394751540,1
1394754000,1
1394755320,1
1394755800,1
1394765760,1
1394789940,1
1394797800,1
1394798520,1
1394798760,1
1394799840,1
1394800200,1
1394801100,1
1394801220,1
1394801460,1
1394801760,1
1394802600,1
1394802780,1
1394803200,1
1394804520,1
1394806500,1
1394827800,1
1394832120,1
1394832300,2
1394832900,1
1394835180,1
1394836800,1
1394837580,1
1394839200,1
1394842260,1
1394845440,1
1394848620,1
1394850000,1
1394851020,1
1394855940,1
1394856300,1
1394865600,1
1394878500,1
1394879100,1
1394881500,1
1394885940,1
1394886300,2
1394890620,1
1394891220,1
1394893440,1
1394895000,1
1394896200,1
1394896260,1
1394896440,1
1394902680,1
1394903040,1
1394905440,1
1394912520,1
1394912940,1
1394916120,2
1394916900,1
1394919120,1
1394920560,1
1394927100,1
1394928720,1
1394929620,2
1394931420,1
1394932260,1
1394938560,1
1394939820,1
1394945100,1
1394967360,1
1394968680,1
1394973540,1
1394974320,1
1394975520,1
1394976660,1
1394978040,1
1394978760,1
1394979000,1
1394980800,1
1394981700,1
1394981880,1
1394982300,1
1394983500,1
1394984940,1
1394986200,1
1394987400,1
1394988120,1
1394988240,1
